-0.812158596503963
0.616938386039889
0.41637947172249
-0.58709190968248
-0.433148901892066
-0.384687682727193
-0.480500370187598
-0.858445442187564
0.358031988820067
-0.768343740100399
0.977827971813317
0.268495105019396
-0.207607772175246
-0.641001354016687
-0.720021247802626
0.647028058689188
-0.142869524757933
-0.560911174709003
0.819470995280632
0.0707652607607475
-0.114615234519108
0.980183210979503
-0.472016569579233
0.852924814464953
0.85498243113308
-0.50002170237181
0.965657072933621
-0.14604632467641
-0.943897394021729
-0.314613379720947
0.928405515626587
-0.271051747669386
0.852824987057096
0.225933630684599
0.34584431108259
0.925804075346982
-0.395182130266001
0.893677218638187
0.764118226114921
0.569597321862537
-1.00038487124346
0.0138035731692294
-0.772969472120252
0.366526583756838
-0.426412105356403
0.830917405404601
0.980591600371286
-0.0222380060358008
0.545526968256882
0.461374243959147
0.322456726177898
0.506872782363037
-0.178495518093057
-0.125782962637679
0.811825134153621
0.0613044691747337
0.647507721150253
-0.439139292132285
0.825070465561317
0.371339671644033
0.377960262171878
0.306016102931623
0.00733777320246087
-0.313400031147829
-0.638261191623026
-0.189665722338967
0.83002690395641
-0.282588832204436
0.0381375571354076
-0.0921809634474161
-0.345415400802164
-0.928943650149602
0.351850528402427
0.917413035390302
0.012313248637297
-0.727784654537265
0.8136806488177
0.517003621069132
0.188916286661009
0.966427308019151
0.341281041304667
0.58595981549941
0.907984103523516
0.301199969185224
-0.854041500847856
-0.280866119942634
-0.769434045243928
0.490628255660916
0.582648431784077
0.783794796555597
0.595687455750151
0.642544759838364
-0.285998261618181
0.922817336949242
0.682594209806215
-0.294999634769911
0.604262269098034
0.803325396389851
-0.139119171618703
0.712551672727579
0.0358957963758566
0.677381607546675
-0.504822425458727
-0.234628013314403
0.501343304031807
0.214697657912074
-0.397650660674375
-0.462289397040678
0.688333560761584
0.0259997794773736
0.0897191946682206
0.976278100383934
0.0226593653096579
-0.615044417799513
-0.515982832762356
0.842682295935433
-0.447091717535388
0.466720063054641
-0.888935979484048
-0.443724869558689
0.72410453244154
-0.0729024317981071
-0.644909595642091
0.667725278007961
0.0731248562270876
0.979842741943992
-0.642879856260618
-0.138158123458317
-0.312727279862721
0.428295654322858
-0.714645806275834
0.514724840510549
0.957736106422414
0.0905464925587476
0.051110090273729
0.839608309381896
0.101812470270431
-0.984943589261836
-0.16387937102034
-0.360710471875814
0.21375090441201
0.558658373572994
-0.00268428380283967
-0.928267288460103
-0.225885053789752
-0.373070917653286
0.334286693436584
-0.92227673190113
0.401717575731468
-0.34411672533085
-0.383004415049413
0.920437180321494
-0.0565848949671178
0.600730962242744
-0.139054029665901
-0.156623768747053
0.242414808083407
-0.369223777954434
0.861464953028767
0.441492453630376
0.405968408939834
0.601633049295386
-0.230637735534898
-0.871821075711986
0.947934726160176
-0.300944000556371
-0.259238304314842
0.736263252931292
-0.969435057952009
0.113589053140242
-0.709374950585131
-0.602417955057623
0.498293525313033
-0.815060505226905
-0.474163958860804
-0.0832864088718252
0.174592298624564
0.623896393695396
0.579582302220152
0.726123387858399
-0.349505507220373
0.92521566043048
-0.10269168155468
0.687970222505396
-0.841433344467916
0.222240392204069
-0.30620910349004
0.953209948064281
0.114858189126701
-0.445071532540717
-0.630461204978394
-0.729213264527649
0.246661600282138
-0.583165759020376
0.962270638547459
0.155918442500369
0.29108530423051
-0.272381749006352
0.185608608006372
0.463583448880891
-0.0610838872319416
-0.893449797877419
0.500521568392312
0.678927479419366
0.489757420742035
-0.433489188691253
0.372637998993668
0.939136889973203
0.00180951302675243
-0.946388886692975
-0.610490863308774
-0.738001579102113
-0.417298906633703
0.508781606089279
0.201773230748257
-0.372373316728353
-0.108786648587145
-0.749864898148146
0.835497305858927
0.284421411007435
0.162997011327211
0.209640588541496
0.1446386513444
-0.693500731822023
-0.922957170141906
-0.291557168300881
0.728546424413804
0.449718116421667
0.998075986576754
-0.111693206723427
0.065079520971113
0.933515341927803
0.0528798107291504
0.937732727555817
0.430352994099557
0.83449722263715
-0.965930706599368
0.236742151727969
-0.726474310014627
0.292879945142992
0.402788821044955
-0.893917219480298
-0.512659856085327
0.862980344949358
0.243049562395205
-0.968722930685576
-0.744535098734983
0.427121042067461
0.165951175249581
0.488356401869193
-0.158955091668662
0.0814398792038632
-0.101747252744563
-0.272785078801111
-0.968621779563016
0.311360408961856
-0.429960249175495
-0.690910604878478
-0.523043298914101
-0.679102692292503
0.191792957174906
-0.948167200674636
0.451862870876794
0.540977521177023
-0.804807188118176
0.55926348543999
-0.0178451329652706
-0.96721266524084
0.234922427301269
0.938242790884129
-0.758258544349282
0.575542915009725
-0.45911555915595
0.417094062172058
0.277508579629011
0.249017969172163
0.390683644360732
0.338160755878856
-0.396351421073973
-0.517532118439426
-0.089139972402757
0.53794847358399
0.376183673678218
0.911130849486244
-0.415284930676264
0.345512912728707
-0.78028143363752
0.627596852671633
-0.0231286355272869
-0.0659446863464604
0.872210342734699
-0.49087562041154
-0.664808315065618
0.492647174071626
0.0410294583840091
0.81224138322234
0.50161776839136
-0.857571194660977
-0.657843122942494
-0.0100125059689791
-0.0573184439653631
0.777974524855179
-0.960140362653138
-0.232831925864908
-0.862906017622145
0.431368788613395
0.50829477914112
-0.475212196985626
0.949928623792047
0.161963448782485
0.961780658905104
-0.277308570558575
0.961214546342828
-0.0437251994951582
-0.890800003951352
-0.442111040978049
0.859805314374083
-0.479365629731995
-0.335080071901272
-0.897295870450084
0.185290880854047
0.440134272757742
0.252549154368708
0.884473784643409
0.835558102234758
-0.446990008070407
-0.177454856073617
-0.712919269303248
0.473709580799901
0.480824810152758
0.659637921307559
0.757586410460707
0.702897546066914
0.314331885632822
0.632078904634568
0.775251961556016
0.421209550163041
0.33214539938073
-0.712130756422747
-0.710662535106984
0.0504551772559758
0.411210505462503
-0.22879016442832
0.917048802049463
0.974616873342658
-0.17719541374223
0.892178271350369
0.368991973911993
-0.706932484203083
0.596168106370973
0.985751820926614
-0.0322015909738346
-0.723063417005028
0.137844363543571
0.410508525850266
-0.894899355075555
-0.337793071368681
0.0880388674990975
0.730236473639871
-0.489451128248395
-0.972794171448853
0.00640506082515689
-0.41620544291952
-0.187512098075064
0.0277769771921812
-0.509131162240679
-0.37735069651666
-0.225883241204592
0.802518395514835
0.0930780724522295
-0.268262671600399
0.945149711891968
-0.235774842063312
-0.989407612285662
-0.570643788936939
-0.318287111450609
-0.631054779593889
-0.388691725000546
0.918942777002583
-0.11244447642908
0.154467865322501
0.424925217008288
0.492044207712426
-0.856484933328148
0.247705751711293
0.192749906478747
0.394750579066142
-0.425679312706903
-0.483674374288728
-0.285268936229908
-0.942274112496333
-0.257006339671183
-0.403197655180477
-0.286413424994223
-0.435660603789648
0.431596004770868
-0.821639519163908
-0.52546235198026
-0.254282989187078
0.746731038320872
0.923934156614105
-0.272150342111403
0.962293670735263
0.183844079643133
-0.505351597914749
0.570304320790904
0.727044995446779
0.41558422378009
1.00410341581226
0.100868138305175
-0.193159387876421
-0.367276575564529
-0.71040295806296
-0.709132146170704
-0.197532964035743
-0.983555636337469
-0.659030514981712
-0.368739080275224
0.17294347452543
-0.408118383534083
0.160649377285896
-0.200068570024639
0.487495808379657
0.324237538268775
0.236283721155175
-0.531833765123684
-0.718508142636118
0.38136351081988
-0.793742075230076
0.533219766323855
-0.415157192931907
-0.901468475100282
0.901318267377847
-0.387014285211949
-0.100673235994601
0.957567619719119
-0.219639632260188
0.468853253667669
0.899128296687505
-0.0279668949278315
-0.369743800613304
0.921306670569271
0.721432582656382
0.626522598826309
-0.586624577207402
-0.776633276897102
-0.609314920031843
0.492574043324099
0.940560031559058
-0.294798931977242
0.183696620864995
0.769259325168477
0.371810930148604
-0.304810977423202
-0.342606668849588
0.909153110211199
0.960551065518986
0.224379933572009
0.275761659407521
-0.966183042295832
0.339648568779534
-0.857931826039273
-0.0303547666497846
0.832219169091665
0.621225841998299
-0.235083515460229
-0.487321127924273
-0.344342229500818
-0.359726219110422
0.713585092332903
-0.600350669033561
-0.0629843106387769
-0.925368308820083
0.340126751897327
-1.01403955114521
0.106041694913523
-0.402517212216098
0.0559382523544489
0.933059928660083
-0.35472455090489
-0.488566580261909
0.615021656184231
0.108451899108223
-0.951071682482858
0.700952946278639
0.357314479000652
0.500012959558471
-0.261244517023807
0.266549466174604
-0.0539556913509587
-0.219946405559591
-0.958655028318402
-0.280459432458503
0.622277307183926
0.125221774915694
0.54616953339221
-0.685737967994761
-0.503286907012346
0.667117330198334
0.575157829729149
0.5473970014499
0.38494591512512
0.363316088831238
0.878612528137403
0.0726527630966762
0.956426250700893
-0.425272642753997
-0.635631251511938
0.879406265615279
-0.416485563409144
0.0837521884095072
0.685288821343468
0.475602431566418
0.453330856308058
0.701316349468683
-0.263991739434245
0.12994246870468
0.744683573534018
-0.474802651991781
0.510171055138481
0.469433965193061
-0.881049874595648
-0.660468441299486
-0.733135472293107
0.572702980426369
-0.741827772384703
-0.754648334672992
0.382306477277128
0.846200620062883
0.499429939247111
0.0216813681651972
0.721490424974581
-0.738968945200521
-0.165122041905678
-0.0239022041710411
-0.44696760700208
0.809029805531105
-0.502597764284026
-0.18306002235581
-0.123604504098789
-0.828038960931974
0.532573465619958
-0.630072359216721
0.0630094328950957
0.314448549351283
-0.817036869428962
0.576680689184923
-0.796212670259211
0.0963849851283725
-0.987792529605444
-0.633722872521814
-0.0649947020567529
-0.130917254891152
0.642330541596728
-0.756612638652068
-0.261405270648133
-0.0194254938273534
-0.945301044395161
-0.0179440136165333
0.994761213065564
0.0581720136692553
-0.336831144867691
-0.114210802455841
0.945995493032754
0.622359390617949
-0.785978393447222
-0.228170671527726
-0.972140333276877
0.205639443659534
-0.151483684582388
-0.690392306282283
-0.714159060690389
0.524238815715848
-0.591390743879825
-0.24665220703885
0.911427353611229
-0.741441994502407
0.666947717835292
0.740739764199087
0.282157221732401
0.240292575430928
-0.862974433486592
0.459993203807297
0.754197213388639
-1.00447997741109
-0.0522253624099007
0.617125788220449
0.756542691265842
0.492163495690139
0.773697309867689
0.960026374321145
0.231002552474782
-0.495893070803747
-0.670689236879084
-0.723025625552376
0.510081164296312
-0.49272715763934
0.771778149493735
0.241722273250515
-0.956679836248268
0.360348905771657
-0.930135950002
0.322354973363145
-0.79128604814439
0.18521363656665
-0.967559022806013
-0.023801116892436
0.898506322442254
-0.59482506128139
-0.782663980004228
0.953140098336831
-0.244556774622519
-0.896748797292256
0.312364430905475
-0.0184090141265728
-0.93125189601204
-0.523851554541894
0.135461041354398
-0.808926329780037
-0.315570468490915
-0.535237259442008
0.0902588836816258
0.447725527857642
0.325936200990207
-0.527133714999387
0.543273110278552
0.965184608207203
-0.256089745439867
0.841213758472822
0.187715458466927
0.994698187218713
0.0128112984240157
0.98860302575954
-0.171894635397774
0.0812554449284958
-0.586087846213258
0.335024234122905
-0.727070089060171
0.479666807859672
0.879016047493823
-0.693368008121974
0.592266535767947
-0.202581544122985
-0.901947961069951
0.137771471722036
0.46531453792258
0.579453586642249
-0.772696532544621
0.212670514241557
-0.194706228720229
0.921232984963556
0.353694379254505
0.410542390166476
-0.901638694361726
-0.314223486935829
-0.94280028286488
0.14699891016538
-0.782755854242621
0.025128267672428
-0.986483016467935
0.629967926397217
0.588302228497387
0.170803166535307
0.357411718916979
0.0257015294534286
0.792155107513357
-0.372109592151999
0.51750825812279
-0.171707484397581
-0.455651052090859
0.159302311568446
0.254439451072523
-0.558230697460585
0.7311055078337
0.621469000576996
0.619858463930234
0.127583274029253
-0.606047939778142
0.581636152337582
-0.494708283768709
-0.25570412024277
-0.66290275343919
0.118456520174577
0.585514528774992
0.137565434755623
-0.842628309697814
0.38282628507627
-0.883392483241002
-0.769899014972349
0.388018294183925
0.744057691089433
-0.593112563308823
-0.326786291735797
0.947887566521669
0.368205080962945
0.573052690221186
-0.470034481334612
0.0752917322795094
-0.202876567555288
-0.960061555571398
-0.0894049011327384
0.891168041931729
-0.765887522862762
-0.61128801282573
0.0876197270716439
-0.328369875781862
0.595095905023277
-0.656650744271444
-0.0625001830480753
0.830508788130249
0.396211706108432
-0.613663056417859
0.349924619687137
-0.136867609013967
0.515207212511347
-0.849260490292086
-0.129620793432621
0.13535832989058
0.574898788805931
0.462932213778823
-0.00874470715138109
0.836691196465461
-0.238765865450972
0.225123662106979
0.990295055136595
-0.0435556455578789
0.622466389148336
0.50243425642669
-0.969989005307858
-0.237206085137908
-0.924613543809504
0.0347029438737986
0.287807980632381
0.937749133551713
0.215929335849068
-0.884384797427893
0.220847026478112
0.831710420544963
-0.73618739576659
-0.653023326286701
-0.992411066427533
0.0376769581690201
-0.0395390488190568
-0.920179442271298
-0.678014275801223
-0.0550357524978279
0.788035365447886
0.3948741546587
-0.379076850648436
0.51202331988284
-0.647045582545602
0.222238536511429
-0.74654982517772
-0.275750279323846
0.120228326949115
-0.712327084773423
-0.0439823348052568
-0.399244355791546
0.037103069718175
-0.879738917651513
-0.631596740420612
-0.536350174269612
0.474077559467165
0.277472988960807
0.342762797448579
-0.710440091505974
0.672934420701258
0.676257830845342
-0.51007346635449
-0.842804066265835
0.6007279346478
0.508277234778485
-0.955740847496032
-0.14773307342345
0.0171674963552658
-0.635726749863077
0.140945033377826
0.139488190712361
-0.0714875496325888
-0.715633841024636
-0.588218544519295
0.616390343977606
-0.40036543107504
-0.900083263978975
-0.110445645059013
-0.956469156754199
0.34766635332866
0.602224604038581
-0.377321576494643
-0.827867819310341
-0.425238524770494
0.665574859704305
-0.411249482497188
0.893111238841834
-0.0434168213367533
-0.165835408155008
-0.0465938814103878
-0.0371140480547994
-0.981604795271263
-0.061776084023066
-0.723044228919775
0.292430924667822
0.15287404696002
0.972435959458497
0.0521416169241537
0.909394860473089
0.301553279917413
-0.923895752559982
-0.525888584629103
-0.738610077321894
-0.201005872691921
0.14768706899237
-0.227561859123268
-0.96042804571265
0.172935786983062
0.681509793975733
-0.329470940712283
0.943720419080864
0.913899125253774
-0.402477156365596
-0.310169815129142
-0.771019354853015
-1.00643014208126
0.132776425127114
0.260990878044759
-0.995026333045035
-0.532686631410787
-0.678072189417229
-0.249148614198871
0.771092267812275
-0.72159454353431
0.158105207312151
-0.0664017335789812
0.341066248124282
-0.415303405395459
-0.820898305407345
0.797306716307798
0.601382834458546
-0.981246397476978
0.0564104336323526
0.108206066530797
-0.910625236975422
-0.0346373712012885
0.0434235011403232
-0.0841330414573075
0.791012834661575
0.581507248387597
0.515771420707637
0.00137827830925454
-1.00715805508
-0.422510184112062
0.801777268836535
-0.670021807717593
-0.2132716056836
0.235634935098786
-0.927020692423974
-0.13987772400822
0.797134782598687
-0.735331286940587
-0.0786467810984942
0.650687058368332
0.695195091729866
-0.559687134297548
0.804853241447602
0.039496195249684
-0.996582497351286
0.405236105570718
0.0571148648281472
-0.673054068845408
-0.127402808537163
0.123499660470545
0.45714088726947
0.786441690884077
0.515772492005781
0.440892571189593
0.864527020733063
0.272091593792605
-0.500077905505076
-0.0194573963074089
-0.990134083654578
0.637317059731046
0.73615031928499
0.0526340213963302
-0.912997286177986
-0.69799886045085
0.244322845646821
-0.542360880869618
0.376647556169874
-0.981201290244731
-0.0410292296890955
0.238535711280159
-0.760859969988822
0.51840849511645
-0.598055402504286
0.495928347771386
-0.57285200795083
-0.357580038995807
-0.213746227179089
-0.123416271973949
0.892502461645658
-0.0758566183917917
0.657193812498899
0.530522240529385
0.0585081728935068
0.219806626149083
-0.865533539915267
-0.283177890782264
-0.190253237280178
0.630511694848248
0.44790541693506
-0.561305834331629
-0.699774712545722
-0.0820975383397315
-0.309485697509218
-0.0507809633124738
-0.907897158085584
-0.0802723663003234
0.900230140697242
-0.548500446937028
0.815444198988741
0.359939824802813
0.669726914404536
-0.357259959907481
0.863008970858708
0.152722628107502
-0.118058211714723
-0.378341509500462
0.876423670696952
-0.12455038054613
0.545874131598789
-0.543829952267278
-0.805436116667243
0.552313652918283
-0.395015987212836
-0.551007805073355
0.632579687382963
-0.884639378794049
-0.174875276274944
-0.904570905202205
0.287228650221066
0.963983064181371
0.110171385101679
0.0345884244549875
-0.43330728037208
0.360548860508741
-0.39113264049764
0.123109799717208
-0.87823088262608
-0.33411750406296
-0.831399782393692
-0.0877141545352943
-0.0501418893601675
0.841464900397056
-0.186964299057723
-0.281049204443835
0.0716278953819869
-0.801109900893191
0.027583350080064
0.10169731305153
0.885426693888083
0.148854075444293
-0.963735420733093
0.393994505843808
-0.927902071654995
-0.809154847591215
0.547772586448069
-0.231349045098955
0.0466614584569375
-0.970444505655907
-0.277513443727241
0.229554316796258
-0.894938705339985
0.826204555620642
-0.486460696266192
0.352865569010514
0.142278775456514
-0.966483164502166
-0.0822603967932592
0.188148376344416
0.962187227290838
0.36202148882147
0.891574428045161
0.491782483812291
-0.479510401131424
0.14983449911385
0.953679226071905
-0.107815854780061
0.342276703555658
-0.622156195874848
-0.720925616098645
-0.800680415847009
-0.443328665167195
0.319790496760132
0.251572183772514
-0.755306020459651
-0.27073913321275
-0.45222935026947
-0.610612942736418
0.704360037387004
0.50956130767122
-0.0345330348433871
-0.383992792853312
-0.91719762476654
0.22679601889725
0.921684278934418
-0.388661974078882
0.873369948358103
0.449060342010444
0.221927232740848
-0.686859129410301
-0.665247759350962
0.587015418984979
-0.979815668307143
-0.0331193790921013
-0.261092926679951
0.706933714448211
-0.886869793381747
-0.412994150815656
0.354224941213299
0.330499061282704
0.126048556506746
-0.971025189980886
0.0391855635854793
0.990616039080249
-0.49546115918169
0.690941318385473
0.449952995766026
-0.283403487184078
-0.647824870466195
0.492777359858462
0.960000135111455
0.214630880591072
-0.896819671635878
-0.42804434915153
-0.192905667050582
0.76374431500169
0.404505059023313
-0.914332257772427
0.701015937143157
0.519889099585466
0.142996200308648
-0.72630617460152
0.873151220203013
-0.462741495125042
-0.485315937669967
-0.783206608586238
0.397218736023663
-0.170972098398603
-0.741864162850926
-0.345624189433715
-0.722907716925944
-0.654837776606525
0.464165197588461
-0.630614461930871
-0.871647469678047
-0.0712677547547144
-0.277512032894702
0.401210582216555
-0.934653645804619
-0.103937029765624
-0.988402796515469
0.140502646030449
0.41556781934966
0.562510454685605
-0.514890268858991
-0.536097491636481
-0.688521520022765
0.551596007337736
0.540720678434343
-0.644406557620328
0.656406215855345
-0.601700315567442
-0.320006805330489
0.941040457111308
-0.862697130730286
-0.486871478562834
-0.646051199348311
0.430856454950174
0.971095687356986
0.136980734936066
0.373718935659431
-0.569753707412717
-0.992157450464343
0.0453803942328667
-0.481549129167905
0.439219630105653
0.0659097823933896
-0.0789369007393725
-0.870195565167769
0.495278260519271
-0.303750850722335
-0.177453714005179
-0.108610977337314
-0.486710910531547
-0.848980112358708
0.348004918787784
0.451548948529744
0.823269290285156
-0.387479292206891
-0.129157305437539
-0.335930541618839
0.0469659072587419
-0.0736716168500546
-0.935345691343846
0.0593344253693869
0.667260421428759
0.14819977857438
-0.830516855893755
-0.678103782959575
0.0353719263034313
-0.24413750711717
-0.933814663257925
0.828141294828265
0.231643330630262
-0.173949234725849
-0.821482308417211
-0.0331708902076774
-0.807634821180096
-0.284743472307188
0.24445790566289
-0.648362111449356
0.683089502243658
-0.795972473052472
0.306283934921664
-0.0320598885008962
0.985837563514697
-0.532949984820662
0.300438195449222
0.0482523789239796
-0.546369341426289
-0.997130913700203
-0.0511424333605157
-0.342960765795465
0.868456897272528
0.849576863549678
-0.546640658748274
0.892105779223016
-0.401345582433634
-0.142755831777959
-0.926349147207058
0.941095664763412
-0.227437476123355
-0.261382550859425
-0.27865811832517
0.417797277903116
-0.609425948118824
0.624748008611693
0.401736351903874
0.222934630489061
-0.68157113076176
0.465789378286541
0.287550441154709
0.561980622884882
0.478350062417045
0.499666851569021
0.655064497907218
0.676976589184748
-0.731379356009716
-0.91150373599954
-0.395648928907775
-0.502565441667226
-0.199572009439607
0.4136290393725
-0.86372725126851
0.517450345905518
-0.776520592329889
0.966674304097556
0.242785223527411
-0.285419680513631
0.579575064975767
-0.466677137448592
-0.817397699061025
-0.35262110560328
0.909003776001548
-0.266334099509432
-0.95366560818868
0.0494471118426279
0.481042119315447
0.953492762626249
0.0046260807398352
-0.258621953480222
0.203505056013644
-0.199040251098913
-0.758287031987558
0.8826797459856
-0.199459558800445
-0.515940616070372
0.436830353504411
-0.351194737801183
0.675203545567369
0.351555360133569
-0.912817119203229
0.176325067380593
-0.119326903677642
-0.39954716985408
-0.495688355581704
0.835947221825647
0.0156533074738883
-0.821787032427583
0.103553496864885
-0.86342225171294
-0.130584292431693
0.706644547111191
-0.436419906580652
0.0962857028359066
0.935911177411798
-0.662268951995543
0.602171393143931
0.440821680247269
-0.471382148312
0.115260027917296
-0.432749312644612
-0.73065356039098
0.569978749648702
0.266113923871748
-0.973623204918338
0.952895289748902
0.116317973283318
-0.955394144739503
-0.32026311135013
-0.822421805421934
0.110974288779819
-0.669199978595674
0.534976667555676
-0.61109362425824
-0.621596394796416
0.690347883744844
0.697605326764154
-0.954041881123123
0.00469453124264378
0.021174691281574
0.740832181849754
-0.14821339013375
0.992132351408808
-0.674780296230962
0.480441381627643
0.106058055436803
0.864725502379833
-0.619580327725308
0.690416983304764
0.293395116168123
0.894803658577643
0.866487499527803
0.48572249588302
0.440714534622102
0.427797671186693
0.580659881929218
-0.221925009816436
0.932814792928904
-0.241311574184544
0.197462823038529
-0.922158982454315
0.465057955300287
0.65442839184315
-0.247675057346518
-0.666874209127145
1.00280413821913
-0.0115981714734272
0.0670050739597458
-0.255594190489262
-0.550943227981774
-0.0953551027650052
0.631802494307488
-0.438021523618789
0.585007391781201
-0.820350569030226
0.94156447201444
0.0508685408687331
0.862797812376563
0.179412277013149
0.634647900463811
0.486352360487973
-0.171804890648046
0.112699454147852
0.766055913298325
-0.128791853219225
-0.181812302595437
0.461279354933958
-0.495596590278236
0.588411369623935
0.193758046266275
-0.148245429902631
0.179410130225306
-0.859640725628007
0.667461683470885
-0.755647802982625
0.277024907511052
-0.130961826063222
0.0308298954888076
-0.485112247862561
0.0638460642491088
-0.591187320590332
-0.796234032431546
0.600676600810549
0.41828519221016
-0.194694632869298
-0.782889636691259
-0.448625857355945
-0.0802720497035333
-0.97393489504059
-0.170934181920803
-0.30932982566676
-0.0306751904346781
-0.871876299947845
0.273778139065187
-0.915900577808729
-0.545201286915099
-0.402220741016486
0.921263794497774
0.248625030324184
0.537083846198034
-0.144101583532595
-0.315016960202829
0.5698831741273
0.79007970949814
0.560217675751758
0.855474408839257
-0.537577222289277
-0.890450707497315
0.423864579402132
-0.400029238101924
-0.626846120602516
-0.987852321058128
-0.0200821531182471
-0.343797325398154
0.936271139892395
-0.281849309508114
0.939805220588884
0.73884149718838
0.405858567556015
0.550551755559905
-0.787642614120759
-0.863777570550703
-0.475742518397211
-0.138334244647256
0.945750402983736
-0.339246165285279
-0.157950111830542
-0.0122793575774681
-0.145893631743801
-0.267585553753244
-0.0898193353016787
0.417549988715226
0.876840348176134
0.0177716265104416
0.47356747024765
0.493359245767222
-0.140961406622605
-0.111379157590801
-0.483794820222282
0.924025475484269
0.379608493041006
-0.975316256231628
-0.334468168796688
-0.0332230561691812
-0.575331966580321
-0.40025037208817
0.323626136870958
0.524663259294435
-0.481381646441403
-0.75674305895104
0.00114636938660631
0.0708262363266327
0.441757641531641
-0.525362448354624
-0.556763561379029
0.735098906742131
0.699330120942294
-0.678813405392685
-0.10303693825002
0.515714718522915
0.422724033253974
-0.758268087654161
0.549015512564767
0.775401329257314
-0.336047982627897
0.384576435861031
-0.769869672936956
0.482181952895996
0.595452399691451
-0.129647647763964
-0.425692510036805
0.644210445459273
-0.441093564365476
0.678972469890682
-0.422578686745262
0.425835706398976
0.89419288429224
-0.206741875216322
0.911884903155799
0.412674996236962
-0.838320380916974
-0.155559542454552
0.657202775525217
-0.340196064102306
0.118562306052257
-0.263811594204101
-0.889892637812959
-0.08561754205752
0.973701346614826
0.0425733597557552
0.489054030456414
0.35265920561577
0.731517857548665
-0.257588249526208
0.590356638988988
-0.287854858546851
0.966839600598641
0.752478001075612
-0.175904235951644
-0.340516673842722
0.172477947195194
-0.164716240425944
-0.980711735716533
0.0806519660001283
0.840396053968477
0.441404573503442
0.63144508849857
-0.671335130792178
0.204982870264885
-0.123563318074284
-0.443316972331607
-0.770341714888105
0.448394204820981
0.171010164568343
0.97862433616723
-0.358846495946247
-0.546001619519866
-0.137612218370017
0.986704648515449
0.11705385143213
0.502320070640096
0.706490918660376
-0.558724013552193
-0.83249862517819
0.220520056392211
-0.358881863865904
0.529432750270612
0.986007497893541
0.0778202498541966
0.541102094537898
0.71121216016779
0.644303677399359
-0.368888638567253
-0.63642192433115
-0.647128114127604
0.472312882032377
-0.598479103023822
0.887457107917516
-0.086604495743431
-0.238031116770376
-0.380816957512443
-0.342519405548621
0.624236354376907
0.262749592770561
-0.309076318849976
-0.0381191376745837
-0.76905190814008
0.63373556698437
-0.242528520629033
-0.183930588658999
0.614101293811187
-0.2787994151867
-0.514618211848866
0.632044666324924
0.786016911704458
-0.870570133792907
0.504807776566032
-0.862431743130326
-0.49447882004443
0.601246657515625
-0.290185880156401
0.921440541689638
-0.320060124230125
-0.563067121968301
0.431820470984824
0.31301900098413
-0.0515516714836457
-0.287133866058092
-0.966992499599808
-0.329334977100607
-0.709883673697965
0.933684251482148
0.329457294669812
0.282456420227478
-0.632720587100839
0.322565942119825
-0.976572612228128
-0.953030339602762
-0.157098705000583
-0.999235065622646
0.109911618199481
-0.603270535903573
-0.210950151818119
0.486525466974835
-0.823187114019268
0.754113974803375
0.649545835414323
0.303924394713352
-0.00304223327746742
-0.910180625533691
0.369454539915261
0.539882482999745
-0.819632885648608
0.500431084167076
0.727470152762253
0.897595377692649
0.448850322326247
-0.21524452983377
0.655243537208519
-0.842906179905094
0.42471818785207
0.00705359065493445
-0.180310820416643
-0.989043451650565
0.193339496028745
-0.724539535472799
-0.630358054826212
-0.701252579180589
0.291010877293677
0.400147076793921
0.832302095861456
0.208568958447982
0.0700414394580856
0.313956828229256
-0.741266345120457
0.170735002662147
0.154220793941731
-0.839900611964242
0.56282331307188
-0.1940129007238
0.0695003858187044
-0.860968377030428
-0.137827250994017
-0.195742946094646
0.100697485137557
0.822896267045593
-0.458273168257428
-0.618304252014867
-0.065542060297484
-0.865349352666505
-0.479217867496246
0.266257701138913
0.360088847519281
-0.524233168617708
0.828893188478744
0.739700760958403
-0.458880560510322
-0.411070052902421
0.930204852009087
-0.00400969144966745
-0.902175914043851
-0.405506258336429
-0.797130627381428
0.255965601999021
-0.475114912818927
-0.448918063825751
-0.827601702624121
0.186007220383358
0.923496553181477
-0.108584778122009
-0.612419379215128
0.239170179545221
0.0474497847458838
-0.19625208325891
-0.854217575451849
0.255172019321261
-0.969711585349154
-0.930695996920315
-0.260647782750691
0.213067286194575
-0.983279742396076
0.477606036396956
0.41481942717872
0.8670622902216
0.0732211075229925
-0.948613183866714
-0.131069527004245
0.543059170006589
-0.613734002706124
0.542692261259143
-0.268701518237377
-0.108344673696079
0.415204379450839
0.94983632052146
0.266197616197851
0.238560910556639
-0.181028232385661
0.434284455001473
0.296635853625854
-0.588438331033643
0.345581222112719
-0.619261778960441
0.768291203368997
-0.727854888991424
0.653689786701425
0.932513640560747
0.319001267681765
-0.102221267658109
-0.454315670538838
0.132512328899388
-0.979565545495049
-0.357936093373168
-0.371875630319289
-0.135823818193718
-0.0990880127870102
0.0182752857137288
-0.00625597462082924
0.378635184826225
0.4225449095219
-0.260530415423161
-0.963049157518844
0.412470699303765
-0.843311620822578
0.160747647018577
-0.903197633119459
-0.151907192611945
-0.208479581727316
0.339483825208765
0.909062401515835
0.113421926715924
-0.654569360371317
0.909177045022211
0.428413540942314
0.511902915637637
0.841532098100291
-0.740334123888797
-0.651693110669461
-0.259117209979578
-0.779858925647302
0.46993918984977
0.539269436592072
0.344311427797885
0.0707265364369177
0.683891338629292
-0.135285743684034
-0.738370096581087
-0.576101794248792
-0.261684385718508
0.828707691009364
0.291548989581511
-0.215593647419968
-0.316335773225553
0.934627991799432
0.29983685222683
0.761890410993974
-0.737087339326259
0.638844362618767
-0.290685627957008
-0.741825495088138
-0.842816870559315
-0.0588599198106882
-0.0486478750949508
-0.991553939624472
-0.248367982360484
-0.657902886590264
0.728171108969381
-0.32716297715207
-0.40914146868973
0.746747187376666
0.65849505020387
0.63524480188842
-0.213904333916726
0.370796767637983
-0.942385119728102
0.031651044706217
-0.52544854910292
0.861071760151781
-0.314841746860886
0.140181265129817
-0.129669934987584
0.986645722875506
-0.265172640086353
-0.804530985834808
0.329972309337806
-0.750612635369488
-0.205072554238094
-0.828002093528722
-0.975704487924086
-0.0572226036442817
-0.226628999285406
-0.646162173711213
0.647015163484605
0.0594532405146393
0.711736239902729
0.619653892881419
0.636877456657823
-0.445396226883033
0.341012715136431
-0.35421360764544
0.621914127617705
-0.576036187437679
0.211824743361304
0.0843865627770667
0.873084116377879
0.196973386857912
0.632334422657931
-0.387759269627442
0.132505258554897
0.922024516383655
0.284244074069044
0.717846936612677
0.884708644640351
-0.139285646447259
-0.482856628153983
-0.61132947299259
0.453587071944774
0.761214809845839
-0.0772420782950136
-0.633149052506477
0.701673721078123
0.394057358783907
-0.794505677344909
0.282181060193584
-0.363394497547689
-0.472777998565554
0.966208369521129
0.0778930765475855
-0.749600049375314
-0.576183949689151
-0.496592307902024
0.558933129432575
0.213516343576048
-0.76222979536356
-0.527056176135173
-0.360267218669577
-0.000333917983246695
-0.756738516745836
-0.266021814937088
-0.499894799290397
0.570078970870072
0.57520273663261
0.378260485750099
0.58554906221315
0.803938878827439
-0.291281947517156
0.784762926800285
0.444659132953398
0.147255911055768
-0.000899382193579684
-0.486753701779949
0.85695885043648
-0.313619504221863
0.938771238196484
0.626606156984058
0.643229556250771
-0.347148346346669
0.298059671185743
-0.446701258913429
0.880091308940871
-0.423968448754088
0.545623598179502
-0.687699444847358
0.439919180929541
0.988265592017642
0.112327831038595
0.754791596089787
-0.467362341785401
-0.0404331029589559
-0.885485761033943
-0.16857105540413
0.56293697098835
0.969004975151756
0.182951446567072
-0.524764954270528
0.844862970754462
-0.344325388905254
-0.356788286716935
0.956134889355523
-0.298008766649303
0.998740152296419
0.0488363581713855
-0.566878331025076
-0.698199803240315
0.724502383476167
0.246994173551478
-0.336650013889731
0.467457832883803
-0.43818556926358
0.0444653345167116
0.095796485616981
0.410595525312416
-0.638121112594756
-0.667311690825228
-0.716409728241962
-0.294898050725251
0.188434602043439
-0.564243386673359
0.229303152890882
-0.00720865003489796
0.625038844416479
-0.142608266889393
-0.314235593871122
0.916598570160443
-0.98227151934417
0.00883874456720489
0.994744897231643
0.0716377642097539
-0.222791021619588
-0.796099409297105
-0.835049970396135
-0.0424646906724956
0.246929829864653
-0.717345157331821
0.250765335195204
-0.925018964014485
-0.476294056985664
-0.803469522319479
-0.993484338987141
0.0577287730505515
-0.508820418916521
-0.559362740361698
-0.973871154706408
-0.264219882163276
0.167437476829791
0.593367936748674
0.51161448439022
-0.817221677983101
-0.339085355550523
-0.844548459225707
-0.38465618279857
-0.457809941507409
0.605458616966882
-0.586736162033131
0.161016516251555
-0.851656869681726
-0.97664671093445
0.0796190433389127
0.0450260224821564
-0.341807677626303
-0.0492843501665398
0.778141807148419
-0.517839462260903
-0.659225663710153
0.159374496798867
0.915465975905031
-0.304576846421053
0.256979777766344
-0.222572580013995
0.513137593000988
0.554736146905068
-0.728197632644498
-0.448081347354843
0.330665090357183
-0.189704716397839
-0.861383449439898
-0.556539972351629
-0.0430645542131272
0.800073908492146
-0.562864746356135
-0.489796223791878
-0.528730980346918
-0.708573157262279
0.530211811032813
0.855695338936746
0.284190566752717
-0.401456153425456
0.636206902256069
0.871291945658072
-0.473288408448231
0.0184716280590663
0.864632060670069
0.320398618754419
-0.5960673716477
-0.130759445566503
0.559490713046323
-0.867603549087558
0.224325109866328
-0.789441553024369
-0.534271227008755
0.149979144311768
-0.850789938872371
-0.942206073475602
0.25648679153761
0.0510700020397713
0.347385735033465
-0.571305119746672
0.687230569685369
0.57661178248261
0.561168448395836
-0.10126248747397
-0.807470937494568
-0.416885352152174
0.871886567669747
-0.290283922793973
-0.885820629334994
0.786201298117784
0.124060620375727
-0.773497287829729
-0.391672422015245
-0.958244076274229
0.154777192291695
0.300054843559715
0.849755132479419
-0.0701317397345757
0.92229916096638
-0.970564888189068
-0.183479990409555
-0.428795399333921
-0.873827842645371
0.392804921315029
0.792148256764466
-0.102900350367579
0.50476741266682
-0.148919461460267
0.0149546972122082
-0.762225420786439
0.296232560786994
0.0695592858369524
-0.291865611119145
-0.367424022927395
-0.0975434669002612
-0.0524795016355372
-0.24021535267087
-0.501500020722358
-0.633856690500391
0.27290620860161
0.688809204359407
-0.468986328733341
0.469803919647781
-0.305444167266675
-0.908194067724471
-0.681282911230169
0.107267481366038
-0.788820418744467
-0.508840513570193
0.174095904075132
-0.0716732525601164
0.826462046508732
-0.515183713193244
-0.862523895050318
0.427710442668238
0.145425555452997
0.988606767831279
-0.533844129168548
0.349183319898461
0.0223615865582535
-0.972976112750775
-0.806173996384686
0.604449269984838
-0.258576403214034
-0.745306752893957
0.444594066938177
0.620204829155445
-0.785889048175309
-0.602562683011719
-0.356042491153118
0.925699096352262
0.630173921818409
0.173153814921239
-0.913211617842215
-0.390348527084303
0.459442242183858
0.795156712180373
0.269682092186121
-0.856385129734837
0.96049744703946
0.0313391496728798
-0.332516185581466
0.942665956288884
0.483571967829573
0.803690111652872
-0.556207338471844
0.44593013881247
0.626160821262222
0.0520750184035086
0.734791456462231
0.626104772466436
-0.539418150908842
-0.760656283514493
0.309773757471775
-0.300336941371902
0.505312760578713
0.309062873084536
0.672430068568746
0.517352525825163
-0.634489057439874
0.0902918759287651
-0.587186453010214
-0.270345386452847
-0.4223559322967
-0.762456163607356
-0.58952438441145
-0.696696100495684
0.327763850545874
0.178854632970991
0.260508517153803
-0.705086853015005
0.856293332701213
0.468385526266814
-0.957959014072218
0.248822309536512
0.586077828756513
0.717590554783139
0.732543264470881
0.599865395096605
0.324537361857196
-0.745652485085187
0.474265717226643
0.839852770650056
0.908866516491103
0.0777881004456167
0.690383502959814
0.235116460812188
0.222493266538432
0.910148605282712
0.443812544673503
-0.891252369869506
0.983112309603773
-0.00753626880512799
0.231040772382213
0.127277397692972
0.720733119042554
0.673898001324038
-0.0327953923241126
0.944024540512591
-0.249879816052017
0.622077278189867
-0.974881193368009
-0.18156652282118
0.490302586181458
-0.550977966713533
0.538145495057362
0.547032656397998
0.536033763666012
-0.847470659242725
-0.546069359433186
0.73001749133348
0.860166606672651
0.171575598044809
-0.881922724627483
-0.180434120954917
-0.455498810367617
-0.119778329877242
-0.757102732090333
0.10277287787746
0.392247231174455
-0.727566325376731
-0.151663177036146
0.995761587034545
-0.742672325303583
-0.639250979196884
-0.869054610893689
-0.453234077266207
-0.108770588404747
-0.840081713022423
0.442559461666265
-0.303565319783513
-0.598639908021427
0.386022839849416
0.903887813886107
0.367092634444131
-0.394446204031318
-0.669936910854256
-0.39247950406275
0.864268742311354
-0.884345040050028
-0.0364136437793251
-0.0299355138325391
0.888066457496652
-0.240214161878251
-0.973006749226696
-0.892863927238233
-0.0605899955825305
-0.74928950900931
0.00308712647571979
-0.343496444799392
0.756790526651502
-0.233726276502431
0.738368639323506
-0.479680642523454
0.0493775586117669
0.667590439130796
-0.411934542140506
-0.849166791506026
-0.175520931624491
0.0359462216261479
-0.0756708611945168
0.70695965599033
0.353410522067557
0.036630331739037
-0.630352499142918
0.974709518640798
0.00824757841027955
-0.368502775850804
-0.862541309846594
-0.607333653112339
-0.328269180912312
0.131350917495599
-0.727575741837452
0.170305499299269
-0.961981057461289
-0.104851688621671
-0.275470851721411
-0.233090015292594
0.156496680654278
-0.0626140122553336
0.1008048498585
0.989134691873392
-0.100011969683497
0.0772743927363392
0.360110931617525
-0.379858439553016
0.0152202446858073
-0.337938589231248
-0.375215532227192
0.324347792365498
0.102993318605835
0.958110176012416
-0.259060246501508
0.37259189210689
0.402556069178049
0.75999128154884
-0.629664455597235
0.821430512831792
0.240055149973157
-0.256741941968225
-0.417483571956512
0.1759048705705
0.87287017252748
-0.0134793244232608
-0.385665390267489
0.131019965514732
0.465830725448546
0.182946512955391
0.960027337255424
0.332210649043423
0.59641503339754
-0.191543332732899
-0.883078349701663
-0.424406388811799
0.898124708538358
0.351196800396722
-0.869294869708616
-0.395922593801794
0.52639468751352
-0.0930021831652502
-0.321174512889345
-0.100903208453162
0.959967782521681
-0.443180904237827
-0.560283496850764
-0.0709765294142977
-0.886099119048842
-0.418866507856913
-0.737210983727155
-0.000914992556730915
0.114169968996006
-0.0917042625701554
-0.523567354079065
0.165719481324602
-0.799887048571519
-0.0237339919801549
-0.981990805055303
-0.802049003077561
0.216585452570534
-0.710044704276246
-0.656129293159909
0.931526060402137
0.228633793012975
-0.754403317931918
-0.364367521354466
-0.426847226373583
0.903925981327323
0.358440707072652
-0.324649122271451
-0.300386116325044
-0.939702176626127
-0.445808485995768
0.535321340264524
-0.520657853290507
0.860899316398156
0.566463752956213
0.647785389197861
-0.245116681291866
-0.936819558640342
-0.736707818799509
0.68427677729781
-0.592029075250252
-0.529745731995737
0.184836420880534
0.608521357758474
0.0979522670469776
-0.988300502054827
0.719288111811094
-0.2835453081515
-0.690903667701304
-0.28942679404841
0.0573310003592306
-0.385252353011258
-0.445091687664517
0.247426295418487
0.46567839639859
-0.371043416732841
0.976040617272555
0.0299935609105791
0.657948605246036
0.750943510518771
0.950405863423058
-0.322381991116359
-0.657830970349258
0.552383817549243
-0.092918176421649
0.99121613305964
-0.226760883105009
-0.897625244216479
-0.480482846635326
-0.801616016404254
0.602869569853268
0.168240090061015
0.0832441881140173
0.980895114710836
-0.366823598921996
-0.392953336292541
-0.348842476803466
-0.695549814878365
-0.308311042584859
0.174793378270092
-0.242405358030492
-0.563026694871635
0.237984191052608
-0.628202840003372
0.48736883099206
0.148742016875159
-0.192301905377635
0.629806756265177
0.508456422656342
0.790705140185447
0.844399045820957
-0.0159137785633206
0.649112656575958
0.745737304807438
0.0807019970739664
0.966884879925051
0.192636896576048
0.244168184257007
0.988497729259999
0.0325386828835938
0.345693537960844
0.230604023580093
-0.988976971118799
0.108933585704187
-0.47165807072044
-0.762813599495727
0.32216455554366
0.844193864873237
-0.288732248133286
-0.512338960053527
-0.226055309531795
-0.322309902831686
-0.714860571985522
-0.680206920230119
-0.665013847249443
-0.353858299355178
-0.989114998250514
-0.136639571434461
-0.65322397356583
-0.142683849084578
0.292353079204914
-0.0460658429581121
0.867586030832451
-0.419336735157004
0.876777398455823
0.121067704408032
-0.0113924028503868
0.954588248754332
-0.142202597629453
0.024805501917004
-0.40509406190205
-0.535954054794121
0.0636487528921407
-0.885995103438894
0.924043319306163
0.338448876178224
-0.321389946222081
-0.850810858228214
0.885159346218271
-0.415454327968219
0.44797640728605
-0.422315652308948
-0.317331739671691
0.763525328834987
-0.86095191340261
0.0118805826246044
0.733243258958121
0.178315700551156
-0.886762835043424
0.333003792013388
-0.302044309807317
0.779808906282909
0.317855760822113
-0.0298374625479473
-0.326537897082283
0.927189353831536
0.198954933984082
0.782161533659375
-0.269185787294887
0.048594513208535
-0.585365941643683
0.468946501943598
-0.955894702378749
0.0310525946783492
-0.491556665384906
-0.703487978027358
-0.42593708947514
0.887243330894405
-0.751442490669556
0.320879833935061
0.43810887265926
-0.0635722150626822
0.10296104353627
-0.835467033749887
0.943831080709346
0.0480219450142288
-0.647079517666207
-0.0967588571605299
-0.887861920313632
-0.479454607485967
0.658106313555032
-0.0376512582395912
0.669810632193183
-0.00914708116070148
-0.199356149773928
-0.945244248326839
0.12154120897589
-0.4516727276006
0.418782255697728
0.917267339863381
-0.177215238230369
0.114573662379093
0.699673846649573
-0.610775509227088
0.546367270404537
0.0772189261294721
-0.116168998243002
-0.175247596168805
0.0976262442340501
0.796709505982125
-0.686381823072226
0.732323814420586
0.755394054027772
-0.400872260471336
-0.863649270798313
-0.308830052612261
-0.65454800091113
0.747446161835715
-0.102921862719222
-0.818174792539518
-0.573526978796216
-0.818908660139557
0.983947301783209
0.0460755167898824
0.168752082965952
0.147793993493408
-0.828628085729278
-0.562058180826246
0.495105979273224
0.349805855724392
0.701820582899788
-0.131151859916258
0.311611087781626
-0.282249165854411
-0.225634074890295
-0.489460733309798
0.47702371947703
-0.322724657672281
0.217620407705514
0.632768600774023
0.15991758194186
-0.143956203528715
0.234909730655076
-0.978764995614468
-0.706233679138581
0.684947835245775
-0.961387953545119
0.281504715962257
-0.170684123201554
-0.894028562866124
0.784264834046115
0.13309307525662
0.739843605911377
0.518663612935022
-0.592286812598601
0.308707614323084
0.829489985103434
-0.457516030858188
-0.182452734603924
-0.901563791396236
-0.672521837458021
-0.662610645465054
-0.0592842086835043
0.81250227855613
-0.7655812094005
0.229476231152757
0.0198973078649635
-0.957249141229432
0.376643509856822
0.788142117380268
-0.540174187484197
-0.386465054256425
