-0.972234829398671,0.812726449380772,0.590100299630991,0.205411603376257,0.110285790921287,-0.894783970316029,-0.148448384249213,0.144694175612584,0.783016727260763,0.724764148991983,-0.807556063203383,0.585225110639385,-0.609475191118686,0.0409440281969992,0.685223126069764,0.628323864020822,0.757221789484152,-0.672362892129096,-0.00858240278414021,0.328469786177398,-0.0229457161785133,-0.354512613718377,0.722611104363387,-0.335882101780209,-0.691643230215424,-0.329982326768193,-0.664242223273925,0.228179611843261,0.353965601002262,-0.760958540100106,-0.473259573304002,0.88407483500757,0.825970778233913,0.997643533318494,-0.0592277216226374,0.583454424878578,-0.776272456407689,-0.779005902893391,-0.912840751432984,0.257616609574961,-0.139966868896056,-0.38732673221248,0.9886148099488,-0.38507230350088,-0.00474837008631281,-0.744990772135716,0.524891863976601,-0.782161825443466,0.490114083134408,0.345066590828946,0.226738274237755,-0.497838363626056,-0.375465424510244,-0.358487907737239,-0.680905387684048,-0.780575959994823,-0.0431345736730923,-0.88978825011442,0.481054673425418,0.129022758900904,0.0736945946661484,-0.316493890626265,-0.36462890429227,0.791975665549321,-0.372017125150213,0.39370517058703,0.463842483051394,-0.744134647501985,-0.140794253112993,0.0380594358442007,-0.489828074447929,0.427909192643549,-0.718647510491465,0.428006006281373,-0.880053096088704,0.890164916689305,0.155965428160133,0.607072197595965,-0.462656302521053,-0.828380564078004,0.874552993510658,-0.107795456306847,0.588238047359185,-0.245111422112401,0.768456458779082,0.273631331691635,0.57030908268182,0.938071150885438,-0.0618977477131342,-0.130366943301697,0.521366853167183,-0.636853627602204,-0.240946107492996,0.245229017277112,0.496583849348243,0.886851137189657,0.288066157196885,-0.273697383057894,0.245518610485387,0.621464633312094,-0.00274079847529157,-0.7565874157798,-0.961213020555728,-0.776716230216858,-0.0739624882303303,0.817979760347752,-0.67241055104807,-0.46222904958632,0.0309821593382521,0.262013872626202,0.69489933941845,-0.297565295359568,-0.946673602475946,-0.589309998170654,0.258947249034516,0.719130094403565,-0.413580340714929,0.7971136849207,-0.0585079619395287,-0.349772364213987,0.124886100231964,0.662412049945675,0.211154027258869,-0.986842344456881,0.42891187955611,-0.500030266422124,-0.538542693360924,-0.439574951739165,0.027310632399483,-0.614731692222703,-0.0267704256550915,0.115885511444901,0.545637357887272,0.0351343034917407,0.873750564071072,-0.287181791533707,-0.464272630535892,-0.869193566593508,-0.217279967969768,0.581597677866637,-0.858473499117731,-0.678063605760468,0.754000198573813,-0.572931478995324,0.892486139421563,0.0191202389829797,0.202647832664605,-0.407916022182503,0.708623472743588,0.909948519884846,0.861935709112344,-0.805429310161461,-0.33458087926716,0.674951129770323,-0.460696575549312,-0.372576517691484,0.874209997852316,-0.974335887832351,-0.635856416034192,-0.806716266806954,-0.878794660864369,0.866352808157551,0.188722307873619,0.24313885104251,0.800786869710342,-0.597286194672454,0.610428976765543,0.389192052165748,-0.70043031937813,0.154795984556808,-0.789664972966693,1.00158727766682,-0.0535964014982135,-0.786067828823731,0.0475249420259396,-0.0310272607707315,0.787943584658259,-0.159094025988697,0.342085174572813,-0.294668789152716,-0.520945610287481,-0.890201963166876,0.142085182847492,0.427633136424981,0.766238164702172,-0.427756423342053,-0.374447635254319,-0.318324940336509,-0.213481165678433,0.475840407259355,-0.0659444256049844,0.587658832533612,-0.486845321321412,0.936280570499797,-0.53740079460648,-0.84984194212528,0.921824385976442,0.229212041629785,-0.780496621407609,-0.695059338868758,0.075076646959382,-0.875596948472995,-0.385902546446427,0.833930894827763,0.877975088085652,-0.919077626413889,-0.551065857367506,-0.452793720028834,0.436121948052725,0.605604049515752,0.256808972900194,-0.111007262984209,0.686193435425199,0.921322849057557,0.713340882248243,-0.733540337000394,0.862200989146842,0.201317503818131,0.162303051343635,-0.825722309649309,-0.00371725590094311,-0.696570731504598,-0.433383386525878,-0.964600254483585,-0.71832629737422,0.271919811828955,-0.790458716071061,0.293157690936887,-0.804865134936707,0.998034060026819,-0.445679006031894,-0.571919630896087,-0.00901181163404162,-0.780704092595629,0.849766065251281,-0.514630800300822,-0.311994652305722,-0.15818028900999,-0.0726354190097873,-0.703480146272025,0.0747781569185971,0.674971989349544,-0.978513346825865,-0.787001970751937,-0.528672094824908,-0.0790577403365156,-0.253938632991361,0.641859511473661,-0.105346745942773,0.34137832145417,0.524016570196959,-0.639242994382898,-0.230846801887014,-0.492665213918754,-0.0872168607519741,0.589363778000985,0.945734202181138,-0.0204381537782007,0.181355692425949,0.798732150286661,-0.710092584383144,0.722480321798191,-0.989650834259219,-0.950037538687387,-0.00371972525842682,-0.0129474216384381,-0.962914952717944,-0.314716006354411,-0.40499577767387,0.548287213504935,0.621057094180468,0.667215794377246,0.97101894520788,0.746431905488809,0.0781966081231233,0.203812905908868,-0.442431571292209,-0.629179827157218,-0.0887758233140174,0.855926744844211,0.233179242724013,0.696261136547404,0.868952089968929,-0.763667686177343,0.0702777097772357,0.854435899803901,0.210332900604748,-0.869376014312918,-0.335026175702451,0.202351838874239,0.52007735229511,-0.723012799841892,-0.57675516482606,0.247304837831194,-0.734360702157917,0.800379249780549,-0.033892036090814,-0.187793836260524,-0.261882441491039,-0.815305319616695,0.795762265147738,0.836013680639052,-0.827825925014684,-0.711922230693031,-0.145512300208809,0.366216681012253,-0.684331661771711,-0.671947639814285,0.976317317499145,-0.116922445365461,0.782393539697226,0.422731044453097,-0.528452555125253,-0.763982955022931,0.178423585404904,0.4888543271285,0.394795984110441,-0.512469721913031,0.5750260151888,-0.109081629942182,-0.0106169354418895,0.647559499754877,-0.593000524355791,-0.829067978006785,0.541215362218419,-0.417254164806528,0.807367525228582,-0.835104712942511,-0.905044800844629,0.275604187612067,-0.205658264190758,-0.0676377117358706,-0.748720203244125,0.377340870412604,-0.388829331678509,0.435380580363916,-0.712697694449054,0.703497537423617,0.946698790116977,0.0252355440918142,-0.878680667535553,0.776504242470538,-0.885967668840334,-0.43873692632759,0.502701308500231,0.754184629602089,0.852800612784375,-0.388643892335259,-0.34901637523369,-0.234134704288537,0.866779465830838,0.503404764868205,-0.448274114422516,-0.791224347732921,0.870759074324005,0.688114294769342,-0.745846781553981,0.552716960577945,0.857601462666872,-0.942748147238315,-0.420585549651894,-0.00338962802563805,0.82967740213979,0.711996256594802,-0.0920074365832297,-0.21508564009058,0.566047648649635,-0.674802091137379,0.462661806605488,0.321729092391885,0.465583295677777,-0.701045366885458,-0.617018129156039,0.0378726058353095,-0.40933690235973,-0.107072459588299,-0.186199927810509,-0.413782157418067,-0.92417773730505,0.141673921553373,0.13518337741646,0.782065293800446,-0.532165009679471,-0.939812713227729,-0.628389064526321,-0.43628109048363,0.802186433147412,-0.0431329465006682,-0.726795971387134,0.794129124104277,0.261463411513737,0.507453864826499,0.825306050446195,-0.567278576506409,0.150993045117714,-0.768221815525505,-0.890458623264947,-0.986113750997678,0.673644384414762,0.188661250560874,-0.239992841265621,0.0630688437977815,-0.483588144760009,0.118036072862502,0.00220393387698915,-0.439964008949118,-0.696759564683518,0.819221989236927,-0.481838476007906,-0.729559271077208,0.788552277064931,-0.011829339871584,-0.773315312148075,-0.968219591696767,-0.795307892134015,-0.986712923132139,-0.908472352376335,-0.861054943334596,0.123281483142259,0.273635292573302,-0.760419687233538,-0.777346521340894,-0.869863651191554,0.433211421759718,0.3971818330646,0.765692728748158,-0.530824438290479,0.881967752826336,0.382074060606164,-0.546166133168013,0.95103717460456,0.649470291630155,0.388091338280963,-0.822500881415595,-0.622706614752319,0.240005883494825,-0.568845902472734,-0.337121061615597,0.574058188663743,-0.856010861050905,0.915730905332141,0.63094787621083,-0.893060636701658,0.909833682395176,0.462361449565373,-0.58665841627315,0.0664056899304691,0.833827768325748,-0.568329986711965,0.530240986665776,-0.932361198225566,-0.193648780966814,-0.775101087728407,0.797661439917329,0.761930987264414,0.54694595993466,-0.288292992169039,0.835675563958055,-0.344771161989436,-0.413928787037333,-0.354772988750726,-0.859731013926693,0.648350610977545,-0.80586236131491,0.981056672667887,0.96738185849485,0.12992760154343,-0.97054789266496,-0.00775957456242388,0.265426192875535,0.863719533233548,-0.809749798796886,0.219745375358166,-0.631434759742897,0.498967392405709,-1.00628515638552,0.522530526980966,0.415695943483834,0.636367125242391,-0.196198124208598,0.137638873869186,-0.70831065699623,-0.0521262482729629,0.596390021564432,-0.177202417243002,0.720196546889061,-0.465492980582886,-0.253553304681803,0.0142457160371836,-0.462385612431135,0.988675544585658,-0.340773606548922,-0.59505994262659,-0.253958626041499,-0.643575149371698,-0.318089954385263,-0.304142779829151,-0.958162161487858,-0.716209138857575,-0.508948377680881,0.616064929582459,0.0306166202520042,0.0439301820976352,0.299043097142963,-0.909292490544199,0.615846364952904,-0.200374429690827,-0.838960186383298,0.886986005992438,0.386854452443475,-0.631524133594724,-0.610787988986809,-0.672192005046605,0.440515898108774,0.447170081631141,-0.70251569870407,-0.513290675541118,-0.422838080214973,0.212771561420806,0.796911630563175,-0.0435557591853725,-0.91461349667512,-0.672917703877915,-0.469770489774566,0.614782844425843,-0.511160336325112,0.470349173190358,0.00563006544774009,-0.113429055978014,-0.344918372195565,-0.424456389814751,-0.171954272549685,0.455059717961652,0.551465371344824,-0.783835556202323,-0.745803848549188,-0.925841529007529,-0.778438898701644,0.62451551570616,0.92546847349447,-0.0488801893424701,-0.0797185985265417,0.0506075091430335,0.208561895020447,0.183184635971263,0.912729437408293,-0.486117947558383,0.262381743004766,-0.490848272284997,-0.971369757028398,0.562960973680149,-0.464124860202959,0.71566086488403,0.428926977081455,-0.385384073109129,-0.157845927877192,0.252321236273548,0.802032207326686,-0.200887514981208,0.705966269305906,-0.447286144416312,0.538178764360666,-0.839754449189892,-0.704726291941473,0.716652585942726,-0.413578118648256,0.957620426629352,0.504758267044008,0.543947825327173,0.162967584924518,-0.933587968875312,0.578102061848512,0.707677805449087,-0.306605492501828,-0.530111101514576,0.619926933470288,-0.652135261105181,0.435723178869784,0.317774927190561,0.797522690694068,-0.643888152580549,0.339923062268365,0.363033002982578,-0.0433095680726544,-0.424589044117745,0.737875109677148,-0.198762735013037,-0.348840242928078,0.988638698384608,0.0978904851637868,0.842154541075192,0.800371626303645,-0.803508996680039,0.698323079035738,-0.365950104478837,-0.293883334076438,-0.079207943939118,-0.225173099125585,-0.0437336640019834,-0.611826518115142,-0.431935835749134,-0.458370518304979,0.7635255181447,0.931130165550194,-0.794167140543322,0.610949307252623,-0.875215991515165,0.896390032718509,0.673934469730594,-0.144332652143853,-0.0502633425391149,-0.639586359447112,-0.146473805883719,0.460336330265911,-0.799069352495047,0.237400111659581,-0.228239946562384,-0.556247493345418,0.0865772633090424,0.931020858717339,-0.240906269184993,-0.76396907213759,-0.439259386924567,-0.827038582118594,0.181789834677535,-0.0572271226412642,0.925416304254003,0.140024282800551,-0.88507865328559,-0.556596512871905,-0.290287303955244,0.502296654842968,0.555662724347236,-0.468627155712077,-0.795927861063736,-0.51639197590476,-0.771151469338869,0.984690622477365,-0.994957191826426,0.653601246681514,0.763780989664045,-0.610174782733213,0.77742876387799,-0.245383994166998,-0.767790849972089,0.493043691850179,-0.104898260433952,-0.427134892761845,0.811967830349312,-0.425653191963215,-0.918281173821597,-0.0887117401922526,1.00076133475166,0.564460289289375,-0.896551659700095,0.2170778515809,-0.644121182817327,0.736501859518542,0.330218306069437,-0.906482820025001,-0.0652756196092461,-0.136025526860519,0.879127360256452,0.509801035277718,0.953556528516284,0.23535443924397,0.261268685297329,0.426396073634704,0.0359083773019533,-0.788645869049862,0.231160415615831,0.81367516617327,-0.04507898854414,0.715832643315527,0.91064830925333,0.947435858992969,-0.776342663778899,0.785928155474385,-0.772694593906006,-0.0990897729153221,0.379382239677263,0.735782735817736,0.981063019877916,-0.20512746247133,0.137483833148093,-0.984064558641953,0.657242101795437,0.183445690450939,-0.61852666377075,-0.878823403934027,0.237253535547887,0.0343602992664806,-0.897103783491766,-0.174915867422982,-0.437946765379593,0.452772475028888,-0.743827091252847,0.536252778938717,-0.41850402530563,-0.352186515312222,0.707325770663484,-0.921425733994192,0.822944860101241,-0.373583627030111,0.885507365091374,-0.337827877416618,0.547125047002183,0.230539816657305,0.688167933171703,0.585807692087225,-0.348992434559115,0.63512694607671,-0.847317783919419,0.238719435971684,0.840076635814957,0.186781122398342,0.674949434571632,-0.925617747053143,0.995312948824204,0.590922018230438,-0.625213140638112,-0.19124192710822,0.522834438016632,0.57270002277465,-0.136293547392282,0.653210296535449,0.382404051002788,0.6762339153499,-0.103083346174163,-0.262686797799432,0.685701214111233,0.449580546761253,-0.433040735435533,0.441485057721124,0.229457572270945,0.549700025266523,-0.254717187106925,0.0163086352973804,-0.386474687769008,-0.506904619286224,-0.560529237647623,-0.727498258292813,0.363966765599709,-0.507815515657872,-0.0344000190013037,0.296525983874644,-0.944867220884247,-0.450008739444836,0.960494257683283,0.803375689955745,-0.00161892547466283,0.372071422206092,0.757166304776457,0.256953182243338,0.112542751368145,0.0758551961246103,0.576991457337454,0.0718704797330215,-0.409973116692536,-0.8356110003046,0.39298538228753,-0.53081863995357,-0.189993603699377,-0.830431773151811,0.743908107796602,0.175027088668547,-0.47605131375854,0.0285777260954628,0.0650068489416179,0.360651502186437,-0.882610706956198,0.829360365360219,-0.299651268794319,0.332225068526102,0.518746985857069,-0.63115220902619,-0.518237289690269,0.810337431734038,-0.167788587259316,0.226090454921041,-0.880663575136268,-0.695841570098961,-0.357515236124716,0.22993580272033,-0.699987565190449,0.22339536143599,-0.689233167587423,-0.876397269857665,0.866219908336233,0.0735769783989831,0.561776190856677,0.178544200856443,0.391542139616942,0.98676967657496,0.46580640759702,0.722772948571548,-0.923200255169636,-0.00267791836896628,0.421273836507401,-0.26219173423913
0.071484489626352,0.331965878225967,-0.0774508420475063,-0.725120539947639,-0.666006830126584,-0.385670866043256,-0.50726585041063,0.988469666596077,-0.00014402749699335,-0.210919808898854,0.608747355344518,-0.410456157923471,0.648288039299575,0.765005283692738,0.731133151103747,-0.693167347730507,0.208056912551324,-0.725549187836579,0.182369824025228,-0.500197858441683,-0.523864443644885,-0.461454387611173,0.0361454041156011,0.178736288594975,0.417711292931967,-0.0939829687397146,-0.636834768731748,-0.494560364874081,0.88331956945742,-0.546188808314543,-0.879022923125534,-0.464612443411763,0.441365780134487,0.0275264757513462,-0.638555254138769,-0.43863532620551,0.526876786175953,0.36597684042422,0.257503387632352,0.291245859814676,-0.228104150143741,-0.16415207538564,0.179423986484986,-0.776222819566522,-0.953284958568588,-0.280254686926482,0.0358910920882802,-0.332785840960434,-0.122312711108334,0.825614087875014,-0.957311309039704,-0.840416290320409,0.925615700528474,-0.886395674712343,0.630695676084869,0.337298041850222,0.991488950492532,0.298087443304947,-0.777183349477171,-0.91843613650224,0.497565750681053,-0.786115757789735,-0.842719624194255,-0.418200587253103,-0.805372793691858,0.47205559858156,-0.454222052057185,-0.574344208558933,0.0596628784465178,-0.236291205992925,-0.0542708731669599,0.670968391163112,0.409927212691079,0.437676271460871,0.322452285530225,-0.230171291648939,-0.504370835817433,0.0842078726497493,0.844215512216286,0.520347098839654,0.127958977650107,0.970616744962991,0.436942948850327,-0.852479062637406,-0.356058821989683,0.582062926921228,-0.63479689185453,0.102023603863518,0.0295698278025162,-0.19992230937002,0.249895952484326,-0.193899298651104,-0.928756964029615,-0.100419074041861,-0.147090202149262,0.330690526629829,-0.961905484784841,-0.495020822569433,-0.14580796050438,-0.763011853453614,0.28090782174277,0.148117699897004,0.04338418410053,0.462599082073454,-0.846047432125359,0.184329003958206,0.500407330874073,0.885238567480907,-0.477971534454675,0.469820228156747,-0.377058133781024,-0.752033742387772,-0.102051502110695,-0.811434996174471,0.55287691338607,-0.704032871592538,0.0723957827982509,0.357829696517232,-0.97917083256673,-0.0801669422655082,-0.889708545095643,0.076878187068865,0.756765245507293,-0.122060340482763,0.884639894100021,0.638269501117022,0.233922399094176,-0.586300059068258,-0.22416956077527,0.393053477310061,-0.105819982907586,-0.281280600668851,0.172836886674798,0.256438735553952,-0.198148979618219,0.754983549639923,-0.137297493098538,-0.0885056574417725,0.648921833566219,0.449356831248766,-0.495918616929401,-0.170049393422499,-0.434593001705938,0.400185849282868,0.331196113744043,-0.401608729534374,-0.848214210066926,0.773199779614434,0.695877038401665,-0.380469280794159,0.405777219483323,-0.182833105806344,0.07841234887512,-0.64609107756815,0.884231506433977,0.920497447040807,-0.0947171146291642,-0.275763906222582,0.0816664508238766,0.571230757777848,-0.469968350513702,-0.366814765370441,0.328231298895327,-0.315856485572009,-0.51827182564846,0.483400807301738,0.439407094147604,0.316745860967235,0.444109704423509,0.742844034626699,-0.613890843589774,0.0405116992400082,-0.970387828467028,-0.289852381051609,0.487754179560085,-0.589433387101614,0.592413728322259,-0.707219102022274,-0.154188779687677,0.805023983521134,0.466185094417597,-0.441676204490845,-0.444244262147059,0.758902821513129,-0.591322106774543,-0.471656188496612,-0.419323521020247,0.0109300671636073,0.978967155975407,0.881632342185712,-0.831285406984596,-0.457891656925545,-0.755619510303088,-0.24369036567629,-0.809853155346165,0.316330420475787,-0.339944857453954,-0.534728115545142,-0.165900648079259,0.513220105888747,0.277918753473517,-0.341883509813945,0.918065034252907,0.409713735516207,0.379629091050358,0.361941564665913,0.00534525896356166,-0.601835517951964,0.869452990301588,0.653255506931188,0.860361600280357,0.61315042157113,-0.715310093394207,-0.0104521931219541,0.69148634855429,0.353009494831312,-0.467212063031143,0.581315776059957,0.789202247215807,0.00375580694546651,-0.478359122474887,0.43892652972822,-0.543952366012488,0.0456188222610566,-0.610957984002898,0.926368957515822,-0.51871833307684,0.79167198810576,0.396880938824353,0.0807123609171317,0.899606428912521,-0.379612850472818,0.761712081563385,0.615004002868918,-0.0840251490156775,0.324401148612234,0.940459080700383,0.0719889779750772,0.839725302677374,0.661157406569812,-0.578965636693837,-0.66565138106621,-0.193327184966648,-0.411856810958665,-0.700499539964152,-0.347557266708458,0.868117845952295,0.771513196410608,-0.401210013235688,-0.69353491233572,0.795189568933992,0.369321728463062,0.423322767692125,0.813039573507652,-0.957240548818815,-0.0973151350623186,0.156714984733144,-0.580783797994076,-0.904783852969877,-0.325807679821242,-0.690998910885527,-0.641564700739608,-0.0708898427427011,0.273407835461122,0.308815853896926,-0.948716021181049,0.292807518065287,-0.125074210635296,-0.398589499730297,0.184185247625337,-0.183031800941244,0.738791964459694,0.0328405428073821,-0.561082847733459,-0.922995284170716,0.776683764512515,-0.533232657568502,0.504267730275744,-0.092418516691131,-0.128931416274932,-0.891996589785635,-0.150616120317658,-0.443593043513056,-0.433167108101027,-0.97011900254185,-0.388645119975545,0.826562337978666,-0.0866337639796136,-0.856237737710559,0.828791043020514,0.726899028687998,-0.52596778665477,-0.648560478103457,-0.278304879485634,0.648111919310345,0.557212795107348,0.741472371309798,-0.966242893617724,0.919372500651592,-0.564173117285697,-0.00161454555305095,-0.542649490519806,0.0271388535693516,-0.380092628408168,-0.440095630790986,-0.257148002513009,-0.52989631050145,0.278497313373966,0.0891046250804749,-0.794604403264221,0.219926572990322,0.382594383738621,-0.487820038990317,0.16624342755542,0.927147183710042,0.157961040397963,0.644693075080097,-0.678468391661537,0.796136569015194,-0.899562746964842,0.857303049117697,0.745542121076177,0.322881899472399,-0.338684981629815,-0.627941969025473,0.57948591131619,-0.350683579310409,0.54918140820683,-0.156220641627987,0.0239043455188002,-0.0485977989789642,-0.97861396352217,0.135655646001157,-0.00449663362221822,0.762781258416364,-0.527697367437687,0.68254826340795,-0.388501922234896,0.330877295831201,-1.0014947963527,0.481418862690483,0.634088350899632,0.13020035640062,-0.903276509998336,-0.0995176729504122,-0.432596680566241,0.193330425792164,-0.888311907614472,0.710045705857882,-0.803259573025077,-0.304738695577608,0.693967198773698,-0.330533781697747,0.370653287349742,-0.316406551996842,0.0167801143482185,-0.632525483741443,0.320414998961328,0.409819366860487,0.0680859459031367,0.51780238045229,-0.969084148699633,0.158803566331539,-0.356799052317586,-0.474340331644839,-0.967220804943346,0.821928040420251,0.434494953985253,-0.740357173180352,0.563224401856962,-0.69669815003784,-0.572189096554933,0.623623236997872,0.853388628663716,-0.0824970573398037,-0.351188228460498,-0.189826280649959,-0.0965707749498463,-0.355758232603818,0.887410727522178,0.843483038886793,0.453730789084282,0.00314321351198662,-0.342342937255621,0.613724158129979,0.671533967069117,-0.4202922423183,0.334105807388196,-0.334271365260297,0.255098408110343,0.971702999978098,-0.82101308876322,-0.479217373882312,0.609978671131056,-0.634522788383852,0.578538722640121,-0.40827509343716,0.0868972574024986,0.103491428782699,0.304216006462403,0.0482432213650294,-0.362255108390202,0.583486879139672,-0.58301814878249,-0.78637328382241,-0.61654053314889,-0.671587772015838,0.0573946363489406,0.329782100840328,-0.129105820695374,0.186595389710863,0.962874058938216,-0.471773991382754,0.269323368919532,-0.562499276288234,-0.0330963608991805,0.388832276918256,-0.44361191153042,-0.0602014256385775,-0.873398000179713,-0.462320836485988,-0.597562921762119,0.142308188466982,0.6634997783289,-0.901600343822807,-0.509863402799506,0.808406532629765,-0.352855669421179,-0.835421078434041,-0.100698119301862,-0.0296001667774184,0.504305263934751,-0.708536525195837,-0.23817810432424,0.375065623888133,-0.786742789693237,0.597865131618431,-0.719519563659887,-0.814063065666691,0.0898732617726944,0.233265971431816,0.74187839667375,0.443785004161899,-0.38089928389359,0.875424755711948,-0.557454229841509,-0.153520855980162,-0.216017996920705,0.533569491798742,0.834644235361603,-0.141987020460757,0.941521251458324,-0.570681629734076,-0.282134215011149,-0.404827542376485,0.725021314414181,-0.258025963235182,0.527569105101862,0.218177582824853,-0.262196134759477,-0.48206291426383,0.430495330892545,0.697063443731252,0.20223769953673,0.047597681792838,0.173413197762735,0.65393492995724,0.136796242963761,-0.0123078386881536,-0.865896145757828,0.0397901123736082,-0.37357524182349,0.969078176159057,-0.679151985002154,-0.701076645238176,0.0204103009520967,0.812970444603488,-0.317151985091634,0.268019551282641,-0.237620915655957,-0.810726147669795,0.438755803476088,-0.978671662715575,0.333796632959586,0.120877229283269,0.671628747006886,0.883968413896564,0.196825493038735,-0.954651106250349,-0.328577441514537,0.0181959120050544,-0.172387379333427,0.556712267158849,0.739069455602086,0.116825683652846,-0.032880332587318,-0.117164184342896,-0.108330276037151,-0.0684572494368748,0.845900118873908,-0.790136566796312,-0.836884432293332,0.0676849865542585,0.946509656487034,-0.379159529180723,-0.422144287848425,0.437310880577912,0.548413963203818,0.20385830596464,-0.701924153359462,-0.736257869403817,0.345942267472807,-0.45134156969551,-0.488057074840544,-0.038254065077935,0.455849190197557,-0.860091222434299,0.523682133447488,0.413525757680044,-0.34132840213387,0.684713826653594,0.327299452168479,-0.486246008167934,0.75036555227606,0.536814784849193,-0.453767385184367,0.45623707127085,-0.499493723306542,-0.926142259787599,-0.486542859263072,-0.744734870955599,-0.609973776810834,0.199775944705199,-0.744268872049667,0.397505058012635,-0.133673159953534,-0.283103172352505,0.613673035845608,-0.590294410231605,0.378628123608298,0.422072280363365,-0.453583782194796,-1.0085647725328,-0.979694065935299,-0.931969435433919,0.393593938827278,0.53457855570765,0.945982433335076,0.54011879661125,0.181889603701864,-0.396658846731291,-0.242623888754921,0.651286042029425,-0.884620239276508,0.149765209591954,-0.876561510384838,-0.733041338782652,-0.559691428844243,-0.957662572647161,-0.336054326570811,0.738162823725713,0.302327094558201,-0.525409107504534,-0.666585319526782,-0.622563872770124,-0.832698814953166,0.272094579057185,0.674912091640798,0.446290524945715,0.79109669130767,-0.240212867347908,0.794910794842757,0.567713569505333,-0.666709336198488,-0.114102383344687,0.144209492297748,-0.162893868438855,0.178712797320563,0.838094548924407,0.10065155755798,-0.436677094670827,-0.938185325858962,0.669978278501987,1.00341682830632,0.21752813911793,0.191230924390347,-0.523065265864864,-0.0153181113015442,-0.0420900365984589,0.857845757605345,0.0508918679074398,-0.588563568402474,-0.511413624155661,-0.385397346557678,0.854580355837625,0.461331363282348,-0.338094735557917,0.968403115878533,0.79544827527289,-0.357902654478622,0.873286342433438,-0.865634534256557,0.043250899781113,-0.255141233519651,-0.41521907561901,0.0287623176777393,-0.0465210970921547,0.282780896063638,-0.731862706892039,0.342657660297442,-0.73328580804502,0.753061965373656,-0.972830343801847,0.808905264165385,-0.45294563435295,-0.276162889351208,0.217756152534848,-0.305575140292846,0.947677012630703,-0.068827625909186,0.963583145203117,0.580933960896563,-0.65981624209883,0.510200498459197,-0.949612974298499,-0.67962988595257,-0.125364819359197,0.146605929292679,-0.461820520013209,0.228413221672024,0.0765943047618376,0.859930214676798,-0.312619683813692,-0.864247936960051,0.592328529111813,0.40622050147354,-0.0229577104898976,-0.110997845196077,0.0952613317446981,0.713634319187336,-0.619976409513397,-0.0899886861693539,-0.604509922314897,-0.912557435577256,-0.594322501099211,-0.252924020011685,-0.0752715876988639,0.664567024594327,-0.565792844110508,0.0516715875059085,-0.326139612306013,0.858661600675966,0.0279589764786578,0.794602571777818,0.422367111482797,-0.0468115541390777,0.437249389268352,0.587491657617939,-0.883203693678028,-0.372056502751319,0.0544870327161532,0.756792654859891,0.443619309991967,0.716056818348801,-0.236376045839096,0.783413764243148,-0.779690866132467,0.754290110492703,-0.681299606593618,-0.22614491144129,0.979548342899916,-0.0536740421471009,-0.65919555686548,-0.697473899230641,-0.174490311507645,-0.304167033832451,0.588572012090462,-0.211250380789878,-0.0394254377705172,0.891041019401515,-0.00339688044735682,-0.127601578362646,0.159550813045113,-0.973251764735361,-0.989775322115454,-0.0149445058189526,0.275024699654278,-0.647232021048293,0.743050296447473,-0.481503840859228,-0.948249945536683,0.347770649802791,-0.425225339198696,-0.724309466265254,-0.253508020559482,0.623436430108821,-0.669434830213544,-0.501782558904338,-0.893654477279339,0.342947045812758,0.315449131053673,0.376568064895787,-0.538895178196568,0.922511737736958,0.164054273884805,-0.913765004607382,0.298251899202999,0.258664736447286,-0.391514137528527,-0.783583446904566,0.911779302033098,0.772838304112794,-0.498675972469021,-0.100624533100689,-0.0749961640298368,0.968022338547962,-0.615808773736263,-0.222756735596827,0.112443789329038,0.413675608565966,0.756098792329793,0.84670396959764,0.832835625408718,-0.790927634536809,-0.217995790053238,0.258477536860322,0.781984288135788,0.0386127480926019,-0.458232903307129,-0.246065336219495,-0.531071005327681,0.873424493361426,-0.0515921918911078,0.683526338693001,0.927361167351692,-0.824719778014159,-0.589128491579135,-0.0987426257292463,0.166770637753752,0.237885174614534,-0.429206112960525,-0.592442259467134,-0.390956447613205,0.775339583847976,-0.429379791193435,0.0172943113806403,0.267908117783042,0.894962829469619,-0.189720603083917,-0.561362029200929,-0.863067555359948,-0.650501221015227,0.606794002887155,-0.916966972810864,0.853790476920664,-0.972157718067376,0.815873030843898,-0.245985154042289,-0.275652567665971,-0.0315579957776107,0.736073942543838,0.420342866029593,-0.685633187001672,-0.537859681133277,-0.062371429550018,0.966514034298222,0.564661632953772,0.441173813490978,0.193405627789018,-0.331989693353666,-0.428835515703328,-0.110611811889001,-0.297344018711156,0.790720386675461,-0.848696117149197,-0.730222859374257,-0.0318083898913202,0.580840247152377,-0.726728810300987,-0.811809581137112,-0.282452565216886,0.336991990411476,0.91883448780701,0.907797083253072,0.701312339747206,0.694674063013893,0.67774168319934,-0.484175588628663,0.499179688489358,-0.845677949377945,0.238106096778936,0.902112235462192,-0.500274690269559,-0.0206150693439412,-0.246512901546659,0.59945756393763,0.263926235971431,0.933047988393234,-0.865610752072261,0.399529198429527
-0.00604152482697031,-0.00273361738313707,-0.000339103033040726,-0.00233454822169386,-0.00138478965644363,-0.000568367232296278,-0.00693538496986698,0.00415371416173021,0.00151153914252642,-9.96817727169791e-05,5.62813394168959e-05,0.00140546702012088,0.00968049821205192,-0.000968055638521612,0.00438045722931223,0.00238642001059901,0.00859977329090679,0.0050011867505057,0.00526898693848543,0.00219821024135697,0.00796804172957867,0.00614664300536328,0.0060803578487899,0.00227612634614025,0.00127749680425834,0.00655153789102752,0.00203016689925144,-0.00352951976515262,0.0112423854018978,-0.000177826852534811,-0.00997371700124453,0.00415815341257158,-0.00747545624064666,-0.00215658916283254,-0.00334208054263816,0.00136262985312275,0.00280958467208452,0.00507875767349166,-0.00122463232936555,0.00539028798988963,0.000869445704410681,0.00107544908989835,-0.000473253495604263,0.000716263011483875,0.0023474999107513,0.000861435985328314,-0.00580869015348795,-0.00250657400841152,-0.00427103198296385,0.00495270986860815,0.00276257887976957,-0.00359427770838177,0.00790377792039055,0.00371284677064855,-0.00361058228485114,0.00460355594959219,0.00328939981869341,0.00249772575423869,0.0042271214220391,0.000856513776480441,-0.0013717452397889,0.0057021352015166,0.000548245576871263,0.00722102394491291,0.00171716892252173,0.00542739969893544,-0.00827631165972631,-0.00464403644239975,0.000371719710230094,0.00405168790588091,0.000947096959671628,-0.00577511494205803,0.00131153293743452,0.00993921052861225,0.00659146252859136,-0.000269369809155037,0.000994933831708782,-0.0115488670631737,0.00272630080184909,-0.000556760062365232,5.18247323872121e-05,0.00585877030999429,0.00556115266171388,0.00381957580823552,0.00255997736167556,0.00262644909939757,0.00130147610344329,-0.00324887271385849,-0.00320195324980699,-0.001353399893015,-0.00646998503187962,-0.00118286547691859,-0.00326663366031432,0.000222931000215694,-0.00370347727495552,0.00280613323426899,0.00025172064869292,0.00092677763423619,0.00304990832121728,-1.47050756850673e-05,-0.00614432701206371,-0.00764400151653302,0.00425423064692284,-0.00235349593371757,-0.000466828048513005,0.000689684337649012,-0.00411709958157284,0.00573323021671092,-0.0060219908916568,0.00777519737162704,-0.0059880816570671,0.0024232187619377,0.00600053813723326,0.00235479226325406,0.00534604515340435,-0.000750128030752381,-0.000296072130995495,-0.00334973250493411,-0.000278063534410324,0.00496485393704179,-0.00429825166223136,0.00334395346902243,-0.00029535682252299,0.00248264893604251,0.00327660724519344,-0.000622866198944156,0.00409625439145529,-0.00209849575910998,-0.00098572030444015,0.00344008363118765,0.00310702243946475,-0.00100731640906548,0.00289052982704931,0.0103444802578884,-0.00935950328662721,-0.00532773887993734,0.0014799204828734,0.00272916096185379,-0.00290231681498808,0.00186618026278206,0.000479168680960614,-0.000935091342904697,-0.000899374187034095,0.00528707556288211,-0.00468460722770541,-0.000280456844259338,-0.00217023604820328,-0.000189253269803244,0.000570160646327248,-0.00262063605831359,-0.00300698167370921,-0.00135662244796121,0.00390812758766104,-0.00564718467250881,-0.00359134449492643,-0.00339959889045743,0.0073487453515158,0.00676853671625478,-0.00302053758549514,-0.00237008242584259,-0.00240335543172436,0.00537662505079269,0.000787212988634503,0.000526700537603781,0.00741880472572236,0.0051411261635728,-0.00666871592064692,0.00233611532758,0.00744311997645033,-2.56614979961776e-06,0.00326341565218489,0.00191734213260706,-0.00445401952718024,-0.000624220008511099,0.0027236079708972,-0.001736674279832,-0.00324686301209082,0.00103930494045223,-0.00171259420839577,0.000372984075826875,-0.00387048584766956,-0.00230232788434516,-0.00671583114151642,0.00247816049788638,-0.000696022697471683,-0.00996065883756918,0.010006221323143,0.000708353249129813,-0.00173687884126366,0.00570258527855038,0.00387670872716943,0.00123906183620341,-0.00194605439269678,0.000191789260957443,-0.00479395762626949,-0.000109802521905301,-0.00679282915534925,0.00344555136673081,-0.00178485308508285,-0.00560049002817196,-0.00991650775830628,0.00645083831700563,-0.00500638164212619,-0.000775679763832164,0.00581495836179552,0.00211697183335545,0.000918238565779655,0.00151852892092062,0.0103867626512156,0.00685254781882676,-0.0110352882053103,-0.00634326894784739,0.00465137609259334,0.0101667344991765,0.00532864139230197,-0.00654863112422185,-0.00829096885186796,0.0022555978574794,0.00565601017848405,0.000303864279568837,0.000529119108567526,0.00353350532804886,-0.00608218176853361,0.00120290427565111,-0.00196716373969319,-0.0010630913269451,0.00366047325417046,-0.00692150109607319,-0.00691664981183082,-0.0059294111144699,0.005997460372099,-0.0083901344865269,-0.00818414729643163,-0.00247486586925193,0.00439715655431599,0.00682041673355798,0.00146403101841189,-0.0118904061464849,-0.00458509232199432,0.00733180872595003,-0.00051856816408955,-0.00287794484619554,0.00471487642868901,-0.00106676758361341,0.00176056234580706,-0.00357797510666507,-0.00126605964213744,-0.00318447768549903,0.00587236948723802,-0.00069229375816565,-0.00480768253356163,-0.000667024421825967,-0.00910531983100161,-0.00599076604470709,-0.00213806782706232,-0.00606681974592026,-0.00581003177301931,0.00267295337329237,-0.0116939737583868,0.00203935704823554,-0.00378586368136848,0.00332111713568565,-0.00191316502524635,0.00809269955613455,0.00288073272729034,-0.00708819054571451,0.00834854275875172,0.00361681209874096,-0.00324462416707212,-0.00970606978787519,-0.000227031026089526,0.00456563150713167,0.00263663316198747,-0.00545558690384434,0.00285195812139054,-0.00783988214037536,-2.16659011915616e-05,0.00631111534148271,-0.00585997145897927,-0.00339886059104223,0.00144241544561387,-0.00268095368044488,-0.00976408414795034,0.00157373076597143,-0.00137037557634909,0.00202971749416403,0.00570712278722801,-0.000759115056043278,0.00226904105382633,0.00487675506176764,0.00651078848222808,0.00395051058926293,-0.00908930681618198,0.00146415951605195,-0.00555793862234465,-0.0116147747930142,0.00220744022164946,-0.00463122182747176,-0.00500234810316175,-0.00240207680090732,-0.00764221623570698,-0.00118129388163768,-0.00205100640970763,0.00295738170087512,-0.004849356357893,-0.00062399366508023,0.00528179808067075,-0.00508582705170405,0.00381167054211556,0.00224987309453573,-0.0125157360216291,-0.000465202546060595,-0.00616676083221659,0.0078572552974118,0.000820401294334305,-0.00879199797296801,-0.00965600397191595,-0.000959874280929673,-0.00144149336244924,-0.00956150570870118,-0.00894106920218275,0.00338060315087891,0.00344944214440724,0.00140986129153742,-0.00216519570966539,-0.00616600472246079,0.00132751310255103,0.00206677009387808,0.00217310248027062,0.000721089894281282,7.21545697962132e-05,-7.27096076835755e-05,-0.0051083993465529,0.000422047662186235,-0.00681417530137709,-0.000291769397165544,0.00428240397154262,-0.00300431800840461,0.00146481473920488,-0.00870639998904239,-0.00406611837630778,0.00215549380987926,0.0117167174431962,-0.00119436108114999,0.00588622668095082,-0.00105458307797838,0.000804692529808546,0.000466549207324922,0.00853005064196839,-0.0051384232320074,0.00544233121861065,0.000680028948197184,-0.000706601896112262,0.00162923447600849,0.00118880742794753,-0.00702686077832778,0.00627713710821202,0.00571546020309298,-0.00481990013989836,0.00115542866707009,0.00347307402515648,0.00152719827893716,-0.00473967950873028,-0.00262893387405923,-0.00105819336859854,0.00409495777369575,0.00218450670823934,-0.00361813784333721,-0.00129119192535073,0.0028253604714527,0.00711691757343662,-0.0029514140698118,0.00238517573263278,-0.00754539724040159,0.0105109883231394,0.00157862972075298,0.00109866615488838,-0.00872022293576884,-0.00578405857039587,-0.00466203024921921,-0.00682277357824204,0.00176480504024063,-0.00466287431107328,-0.00610194729140793,-0.00317049869852288,-0.00369799514316586,0.00237731552380221,-0.0036943699853932,0.00926748923880655,0.00617388178773381,0.0111954503734124,0.00151579701005609,-0.00630928496204271,-0.0101152114613347,0.00947046209975667,0.00150405433637911,0.00633289700691581,0.00285212532048394,-0.00176041287419389,0.000432192435296796,0.0103620097405828,-0.00283523341433286,0.00140962466605756,-0.00262814648593799,-0.0103151190061714,-0.0132118618072531,-0.00532233835717142,-0.00462295691296468,0.00323830534226554,-0.00351186844648998,-0.00232006340200026,-0.00210830560516636,-0.00162730145831398,0.00333591115519658,-0.00206248404844247,0.0065207477119578,-0.00216280091802829,0.00781947216387001,-0.00142958612809322,0.00999879134145696,-0.000919403859748994,0.0024660827978668,-0.00130181536739516,0.00338410576652132,0.0162102022872069,0.00128425431005661,-0.00575910910533144,-0.0127187262136376,-0.00542783235880929,0.0062951473872186,0.00383483150388553,-0.000844755149202176,0.00460556194295237,-0.00110328373830131,0.00266492012607695,0.000732499503694806,-0.00524185248269112,0.00033186053604512,-0.00211466591681395,0.00282525573789168,0.00815343271621418,0.00708556229157917,-0.00541871332498881,0.000796786310581495,0.00435791570430838,-0.00172180529680561,0.00253996254317392,0.0032161657735816,-0.00606965622358584,-0.00510825075846985,0.0033724258230582,-0.00140919282151193,0.00367401954932776,-0.00460233586303334,-0.000721450198789004,0.00112083490260673,-0.0104695966662211,-0.000977284934356802,-0.00349049944030335,0.00641641752513304,-0.00642762825365076,0.00171669959252978,0.00328463391934087,0.000681506387456358,0.00603200215883674,0.0032984856970552,0.00186671755478541,0.00514610918244775,-0.00140657442428763,-0.00808095722007672,-0.00685006602540432,-0.00126430974088158,0.00502630694722199,0.00482790464341159,0.0013631976530173,0.0016058388050378,0.00426853651619355,0.000655438963956474,0.000458742221743915,0.00456339895414252,0.000914362868352764,0.00962950851576994,0.00335313828218474,0.00509648955252659,-0.00559149980560025,0.00198339168469962,-0.00683324083912698,0.00202233594120664,-0.000790994605382542,-0.0135486086522888,-0.003416917685702,0.00181611284798144,-0.00052937214875824,0.00357915220860042,-0.00171757173728294,0.0015768665027506,0.00138901531412845,-0.00557339391057565,-0.00419431809242515,-0.00543195954226225,0.00243460196640373,0.00694579592107464,0.00155816566901591,0.00589713860679649,0.00537822449559915,0.00595844624177153,0.00104155934092184,0.0026502077006609,-0.00150630766510779,0.00496967627594803,-0.0122867864020212,0.000930890087662339,-0.000776296382499203,0.0026898737628481,-0.00309452957874499,-0.00118668343140394,0.00595577395504573,0.00169125992649489,0.000775756336125512,-0.00409716268309252,0.00421734396900087,-0.00581814833739267,0.00611666346543256,0.00217120734570208,0.00115810033036124,-0.0010720537868645,0.00930485405788111,-0.000407257561926795,-0.00212018142496095,0.00357573459294353,0.00335076543064841,-0.00915656563452656,-0.00360158422593633,-0.00395558296838604,0.00129676812563601,0.00764668809732081,0.000126079534598487,-0.000566091763250517,-0.00103341246005682,0.000291283484286325,-0.00195691890863317,0.000477700763355662,-0.00590786936325634,-0.00544372070779281,0.00157422870470858,0.00358401693491379,0.00891998564807369,-0.00491038357444349,5.5715674079733e-05,0.00534257152731725,-0.00999313647237402,0.00242701429303397,0.0041926971194168,-0.00505377026727651,0.00632697647813314,-0.00624780684601175,-0.00448865717784004,0.000254459200723034,0.00389068491975255,-0.00588345001725324,-0.00340353963909839,-0.00252294567866745,-0.00472765792675079,0.00638351220522683,-0.00194680834420285,-0.00655356997927928,-0.0138577540939443,0.00637164238938558,-0.00273481657829119,-0.00630975594189817,0.000980007884258652,-0.00103468868964276,-0.000930222472288507,-0.00372271538761919,0.00462002764611811,-0.00439260333607404,-0.00464058549546608,0.000768135572535952,-0.00081643750722174,0.011146248064512,0.00183283793033455,0.00511782287192008,0.00697357267393956,-0.00489062323727994,0.00458908508834299,0.00265590187988886,-0.0102954856782908,0.00970485273210892,-0.00120060749917684,-0.00499485069277236,0.00298879968762968,-0.0049904169844994,-0.0184713738441951,-0.00822646838087337,0.000793752010287352,0.000839211869944386,-0.00934449899091421,-0.000512330049401955,0.00543688386832576,-0.00373484986984153,-0.00236412804984272,0.00402181759641804,-0.000357218682800496,-0.00522858778136882,0.00627598108894752,0.00608466131786617,-0.000598297104438107,0.0041920758411114,0.00126316659318196,0.0044144000169059,-0.000649273406473177,0.00579696181179208,0.00220675694137755,0.00892875897053177,-0.00605474369940514,0.000859369770055291,0.00376664202086864,0.00840860313212376,-0.00382565486374782,0.00600575309210516,-0.00924814018404462,0.00438294366261355,0.00157081256623127,-0.0019815625708408,0.00146068058897444,0.00661064190509764,0.00165319703116698,0.00415121071339238,-0.00689478556825597,-0.00176009991427135,-0.00108369483581258,-0.0048357386033714,0.00230861611658485,0.00185054439497794,-0.000817325353570885,0.00258886109781411,0.00170159641024491,-0.00571555325531067,0.00217352255312888,0.0023245069176013,0.000529619381681652,-0.00428658975293749,0.000269471685057749,0.000119414980793521,0.00129499240343356,0.000731704243473521,-0.0072285049297915,-0.00289909242923899,0.00266794387253142,-0.00785081356721079,-0.0109758639199551,-0.000671197215601521,4.04715807059563e-05,-0.00576461360997971,-0.00962288754717627,-0.00022543638596918,-0.00385226997110139,0.0100088330517532,-0.00559884819544026,-0.0039180671606619,0.00127976156162229,-0.000827322231532787,0.00807630164385551,0.0032693600366764,-0.00361270027396804,0.00022280712831332,0.00361977654676853,0.00280082186498625,-0.00520644389657518,-0.00390317122565036,-0.00953824135854754,-0.00290403827128149,-0.00615037271784492,-0.00257093867890587,-0.00430832958386501,0.00454763557809503,-0.000242744719665997,-0.000546750068445718,-0.00616123296472622,0.00729208109955563,5.43798567879245e-05,-0.00624123745854885,-0.00244172601950164,-0.00160040962605254,-0.00893995648588482,0.00626093703495127,0.00542554243854284,0.00263206860669672,0.00585837041826775,-0.00764204243687566,0.00780353754753656,0.00186881283288972,-0.00381784241599193,0.00108521211239013,-0.000196300469176379,0.00257225097847221,-0.00236981254699736,0.00294937661742469,0.000924053899041146,-0.00458515432080981,-0.00420896938472967,0.000572439799143361,0.00298413058389426,-0.00304487624491581,0.000676019342178332,0.00370856665953834,-0.0079886064276175,0.00208137425494268,-0.00233477175637461,-0.0046160780542471,0.00742796921558291,0.00487452861465771,-0.00405825736881226,-0.00509010584189564,0.00501906146187514,-0.00276197142782906,-0.00633801599301955,-0.00114542082994166,0.00445651589448067,0.0011880105702661,0.004587851266435,-0.00492291397319083,-0.00164729620640428,-0.00300790502032826,-0.00212829326136822,0.00041942170589392,0.00181447653007228,-0.00160940173831917,0.0050987079684313,0.00134507799847745,0.00163993378192174,0.00110376321515565,0.000342328940321961,0.000316360724064568,-0.00221675081413494,0.00151736345943341,0.00268662239723126,-0.012184844405021,0.00202735928026161,-0.00454626926603294,-0.000711851075372242,-0.00226075102947436,0.00499957902759842,-0.0014062318561227,0.000533104756567032,-0.00664880485038536,-0.00122393583645026,0.00556449433598381,0.00941831906802798,0.00293101358458306,-0.000302535660594268,0.000848874357869327,0.000463513225907641,0.00285262714748554,-0.00310692931045642,-0.00025645248665602,-0.0100869055383763,-0.00492427737182376,0.00251678659518223,-0.00125703165047481,0.00187985205223476,0.00129903195167869,0.00432171655349522,-0.00356305180791256,-0.0129084057538528,-0.00254641015597105,-0.00425194056656151,0.0014468147323407,0.0028742508450526,0.0111123646870233,0.000124718251443827,0.0042562002951131,0.000408900510546435,-0.0087105709421542,0.00188786616042093,0.00825576282252341,-0.00392580236861578,0.00740720635335027,0.00740002129966552,0.00410634375084213,-0.00218882103645566,0.00969533444613691,0.00484261131261951,-0.00810049378612652,-0.000221931172180826,0.000548312588046631,-0.00655652758561335,0.00446971710640343,0.00325281326950063,-0.000772600076104635,0.000238776028639976,-0.00188194669769044,-0.000756563778005115,-0.000758078089048678,-0.00715910021865275,-0.0074545651314016,-0.00108029113054024,0.00843226900374914,-0.00354421404295266,-1.44178903196392e-05
