0.119978376459932,0.326624578640935,0.99849070397066,0.0828381548273896,0.455244251431576,0.821964094394091,0.810044714464793,-0.24949749642087,-0.922345779834841,-0.622005355645051,0.962486871638632,-0.639706216936344,-0.506892465076714,-0.4307704356809,-0.399623828749109,0.497997808009928,-0.556887032973399,0.607207775490736,-0.109873664700033,-0.105975952351121,-0.251954606390724,0.460906717759931,0.523399624145495,0.204056851954788,0.118728141466641,-0.940212248205396,-0.735105028216818,0.616275315756695,0.070030074600709,-0.799150765023981,0.289203821736169,-0.273657662435338,-0.810067471859457,-0.231334170216524,-0.231483844090168,-0.772942797411511,-0.451346364266131,-0.360314350104655,-0.744874020262633,0.27481688664864,-0.0620408195104675,0.687423096735266,0.807351190811322,-0.346821056332898,0.86418940799028,-0.259084646791229,0.98555821344043,0.758386982631871,0.432581449136659,0.0603873883920137,-0.417844241541719,0.773534762789168,-0.963998530443135,-0.418915774154403,0.711638275447718,0.234034681730333,0.75477565952526,-0.678779405335497,-1.00407308280554,0.514257291653778,0.491749988692137,0.415655969197351,0.0380247021934894,-0.265036762461071,-0.432567349280221,0.0632068035154302,0.089493146303632,-0.717929203888083,0.894043210750531,-0.7181346855696,0.961221876293645,0.292590555680997,-0.584173069628419,-0.313934289305074,0.356618429024172,0.48256820721039,-0.840772896943504,0.518421048984748,0.388267377075755,0.716971387118671,0.262286082084024,-0.00599364785288609,-0.640037656369014,0.841550060128844,-0.0284088717909108,-0.411996860668222,0.448335534619148,-0.5286696722189,0.627298015114766,0.828345180915892,0.772646648796459,-0.979588978360147,-0.445376442895949,-0.510748102340457,-0.223953418670288,0.426715697133287,-0.694807492294284,0.550255259383854,0.812296285975212,-0.738972898897223,0.455731024634955,0.180385142307473,-0.0433868428608377,-0.398748394368466,0.138679165269569,0.160066822120022,0.332303978046652,0.656298389458507,-0.950489374812124,0.514138752155284,-0.64081950234628,0.573861195754821,-0.57012636222678,-0.374481492195217,0.513871379339622,-0.509934597564,0.223698759994491,0.302552206997476,-0.62394434676619,-0.182125886953567,0.535392755220715,0.290872945930989,0.0627920761247266,0.0725384168691079,-0.102041148241505,0.864187573695956,0.49113717531229,0.0610863468754215,0.646827026122555,-0.554518399051278,0.749664756148615,-0.415630939621694,0.876173688730747,0.804186110409139,-0.450426923306608,-0.815368480079257,-0.750264541072781,-0.568864324167386,-0.58761049795182,0.395781900838488,-0.184775271780777,-0.789903110831293,0.300396262608967,0.318675837946494,-0.388509453212831,0.477602535731814,0.663542405146115,-0.700444294635444,-0.670011621969064,0.077570217721767,0.623161601664992,-0.608374862728927,0.907218499612757,0.888428023907741,-0.478391678197589,-0.585513256009759,0.803206577550952,-0.374076322693916,0.737879577709281,0.391348924590467,-0.748358108209838,-0.9445153796462,-0.162580478897487,-0.412954705111012,-0.199104649011596,0.674828991073706,0.796228980213609,0.848563432362409,0.345675105380238,-0.546980584717601,-0.0367903255781608,0.271264981990622,-0.915534088589637,-0.832930405007013,0.543093960901608,-0.950475137809535,0.392889657707795,0.452694068622464,-0.424779158557559,-0.19987777921967,-1.01284509134087,0.560758095190611,0.0129686437049029,0.143209594688337,0.798594494941541,-0.744474999319914,0.693027390649338,-0.714116782395561,-0.606091370252486,-0.276634820708291,-0.392328350875531,0.19210406245689,0.31660792015183,-0.19740227289643,0.978034096922515,-0.227071635671014,0.70247042108168,-0.130264957042233,0.713923088762721,0.344040746582159,-0.0448614646389225,-0.0176071760896187,0.306257933632942,0.392688673420797,-0.173786493994299,0.434743031953823,0.404534042161663,-0.668795438026987,-0.701350359548048,-0.475495972551482,-0.168116374270884,0.273294662092278,0.613876834678795,0.61055306168424,-0.0567295402258039,-0.672437911735851,-0.74508114682187,-0.662944204320858,-0.733911570112001,0.535088924610275,-0.650892714984528,0.303164716458578,-0.452428011562561,0.290078680857223,-0.539798807552467,0.181312034353586,0.426019341860121,0.269791292699453,-0.00238990302955782,-0.810474348579541,0.837370638452563,0.642018047099988,-0.709094278525332,-0.108206861745473,-0.337298434347839,-0.419130988784976,-0.30703502443688,-0.153768243479936,-0.592429781989641,0.658839607278718,-0.678398113072264,-0.482612539258664,-0.582361486842125,0.562660689778561,0.9162337777434,-0.785009792551773,0.906736476568411,0.740616230402092,-0.826042510520438,0.608481890857755,0.160206014244899,-0.293358751918738,-0.300234420634263,-0.899381596716647,-0.739277520959489,0.285966765094991,0.156629332466588,0.127956429942958,0.392060269321073,0.184299357045423,0.0703561616125025,0.119098014678055,-0.0648264944342129,-0.0708454634359437,-0.961556558924364,0.122023261481068,-0.100755132320513,-0.295743439806125,-0.878658948721681,0.514059614847184,-0.697691890649836,-0.736097566809287,-0.786440514417136,-0.743203476543083,0.14803735808667,0.0404177636533689,0.0556028298170361,-0.327632117952817,-0.587519628974077,-0.142627094600351,0.532009391263124,0.887137723284734,0.26255579046025,0.482755334846524,0.765194761867466,-0.139787036260068,0.144527421882534,-0.0684591778501859,0.00395524410934715,0.432878910449954,-0.735418217774594,-0.61007448432759,0.967733181780713,0.852269109382022,0.866791720014809,-0.426134281264635,1.0093309382781,-0.905649336300345,0.205615722947697,-0.560735100596967,-0.732563708833464,-0.316252015054227,0.804081453057317,0.18704750327323,-0.0290015921948687,0.808692796690866,-0.0381771053086884,-0.132441828184839,-0.37351997388344,0.543313832536095,-0.683531713414528,0.715830884479091,-0.573671303418136,0.0642171563923836,-0.44929481012256,-0.736023302120062,-0.84791278661392,-0.232909979785268,-0.706019789155504,0.915418928343054,-0.800053094468447,-0.447439018540503,-0.611448114459481,-0.636627341884026,0.283430841024927,-0.0218722365979573,-0.473468738985057,0.295714213957904,-0.516956189223086,-0.0562977329071022,0.713851517893723,0.69334198316231,0.624406038506146,0.479950628485382,0.385027296192123,-0.630493252137759,-0.217163747464232,-0.179110829664342,-0.0939453014498161,0.041843598004628,0.403151074864991,0.378318087415199,-0.44199898271364,-0.34549066375795,-0.867025618170309,0.480313813749681,-0.239738613961724,-0.327257415084544,0.185007944913625,0.658932779083979,0.158037624854706,0.622219346639183,0.748871114889059,-0.510090100429138,0.055734865719739,0.90381955866182,0.0338523433449354,-0.415311995295821,-0.139606283821411,0.731203694393822,0.122798109056784,-0.576808362370815,0.457934703742712,-0.210138819800874,0.184928309315634,0.914903019122521,-0.717669895867121,0.995039581184602,-0.560484947410672,0.202115757014857,0.120797011647814,0.39265728647897,-0.600866018431139,-0.434166725519045,-0.344340292895812,-0.188099512158096,0.95987002525122,-1.07604824083759,0.137905469836562,-0.776704099622854,0.90484693317877,-0.0674317958591584,0.620465347150666,0.446172557706841,0.821649858896301,0.150019579427157,0.318563903830925,-0.0556852393175116,-0.871211022943849,1.02416392007895,0.0937098927624662,-0.690378555317908,-0.0555623361058992,0.522902913282388,1.02173825468887,-0.671489392283362,-0.863595281322177,-0.683302069640934,0.0989265632659751,0.325436942729642,0.0173599995428504,-0.267884755337505,0.723243854672308,-1.01141177451539,-0.946405177041559,0.191631325856239,-0.403103756419252,0.364275994415479,0.656015722178338,-0.196789046581684,-0.74532607468321,0.103227055896614,-0.146898263196921,0.855735183310743,-0.274539571832645,0.656345967330657,0.409087461481228,0.355600163151434,0.103123230786424,0.648451555482203,0.892231265802089,-0.483119046750437,0.668737423872583,-0.876992032091885,0.101781920243786,-0.483228306921109,0.308913154815993,0.867062752035985,0.82719638902938,-0.278369964542706,-0.648600254287463,-0.51356040604204,-0.817792108034646,0.0482697894740723,-0.405682651874892,0.165035683351692,0.098170195510491,0.461646449338831,0.237312181652215,0.84756764543205,-0.681646209851518,0.0532692557997882,0.208747918760132,0.793725073775453,0.634902954104289,0.54617127109262,0.662650527868337,0.502280528387645,-0.786918792036873,-0.793576949151435,0.785187878248647,-0.0183332782541242,-0.821701098843636,-0.551627179850479,-0.0696879604130754,-0.997083455486065,-0.507423064156226,0.25478239377685,0.418556424089174,-0.0193072842502258,-0.453508262119282,0.495899467263016,0.889394829174391,-0.53068086354288,0.0529647810503132,0.774479810580035,-0.955913450597335,0.691843600460839,-1.01054893361784,-0.0585659552666065,-0.434612482894598,0.765207875983075,0.144033524251173,0.87271286202942,-0.606373196383839,0.567846286440583,0.04767138398822,0.0588430169255434,0.0859427288026866,0.00325867459277127,-0.485170535578382,-0.119134141626091,0.160985569345685,0.0976186810773474,-0.455127816728739,0.763674610243343,0.198761418195253,0.0349822949226574,-0.0399374755470877,0.515622669618547,0.317318128691451,-0.96756911548691,0.298160584446159,0.466178879396638,0.994258624303458,0.310498268277462,0.0333458084583455,0.246926537555989,0.366825976423974,-0.340534008029198,-0.648281489826962,-0.19781045033328,-0.433479191883878,-0.221393686635679,-0.715819708224415,0.283836783402366,-0.0972770988668249,-0.555890251671427,0.666722124292327,-0.801189415038668,-0.379631852694418,0.151014837516783,-0.494223954824637,0.364204481212229,-0.694233911228436,-0.282408059771049,-0.660369112957272,0.734450516697657,0.187653047279355,-0.850148885000822,0.0456263348174504,0.627313013418772,0.506967346227218,0.895011759708929,0.562260596190825,-0.826431872115236,0.536221696121999,-0.507557946924553,0.598386698252313,-0.060541666725418,-0.714344301617958,-0.314228040597206,0.606325047370517,0.452445069398715,-0.0995261037431693,0.381783643028707,-0.183166137278146,0.838949597161821,-0.949463489190916,-0.285752828981098,0.435878867183027,0.869767387804331,-0.794168968093663,0.183635461355621,0.231489421229282,-0.331346308529014,0.431689084488389,0.2894178613542,-0.92780568739202,-0.288145450870303,-0.853948361307667,0.346082996077455,-0.13011121193404,0.697647969601648,0.63604955626733,-0.0407126711915002,-0.543042626239386,-0.481950442354433,-0.0773150551821903,-0.916108224407699,-0.922973005285126,-0.0159189058805513,-0.255561546686005,0.863700805018298,-0.770491365132833,1.01402411749564,0.566370920160394,0.103226484257589,-0.207849324908024,-0.236538321617191,0.170264640841268,-0.773688412486351,0.323392733192156,0.632580203144233,-0.455633679168624,0.348188673814151,-0.142374787093871,-0.472743996402901,-0.410291761465979,-0.351431848127687,-0.0784685898060884,-0.510515302891011,0.115380800260856,-0.0427585848042799,0.0957622130039019,-0.403850948778881,-0.288834477479443,0.897191632172686,-0.0858056868350172,0.422858670772926,-0.0628764941426989,-0.88715135816115,0.156045787947517,-0.0791774460269354,0.66733546360035,-0.923102606487635,-0.311586119995817,0.441334676813626,-0.800769465493346,0.347802896728956,0.154221825100924,0.274905427166277,-0.976155646332781,0.266680361310663,0.272549320149752,-0.09585298923316,0.537940730875601,-0.479516194885605,0.50201250141481,0.776458033990452,0.273995294350987,-0.69805942349168,0.628836004950422,-0.293329633003418,-0.272051121823304,-0.148119272370917,-0.664109484593137,-0.742065418854587,-0.054134151394803,0.949216971256664,0.538551034463351,-0.394548572323821,0.274243369312617,-0.110556284394192,-0.106292051263562,0.611209523505412,0.111102641195376,0.196627484648924,-1.00390120616353,-0.874510083897897,0.938184706334521,0.436118590788276,-0.477655085006085,-0.513800336056257,-0.665827895681583,-0.226531214779722,-0.24743687400163,-0.31351681215398,-0.223832062653216,-0.597902580199258,0.447184144803357,-0.498894413335544,-0.0452262967092646,0.118315613629879,0.424464701976589,-0.813286393961987,-0.112063606366901,-0.40702206946658,-0.68717019739874,0.632125908009013,-0.363769866765927,0.877917165949751,-0.117396806312447,-0.186523857187635,0.127669491523258,0.777050437483806,-0.142875307397981,-0.186837248610399,0.0847078442862663,0.449090505980228,-0.92561765587435,0.739229527954149,0.765807932482506,0.973598761473944,-0.560609151831843,-0.376124960586891,0.935768161860672,-0.231646591428203,-0.350457342615916,-0.857902860761238,-0.847179150633591,-0.333339540011828,0.086781147306986,-0.424054363357738,-0.605240562669798,0.227724439445035,-0.407847113565874,0.274909747848646,0.328904764622742,0.370632314215216,0.709621200580122,-0.422553260262345,-0.683959688178406,-0.0226878712188739,-0.189604764736348,-0.555421956596872,-0.835517522040516,0.655391306926053,0.493175370410558,0.970977161131239,0.777605359458103,-0.190724602200875,-0.0123821596506442,0.717472838906301,0.0968674198179889,-0.524214222350797,-0.893453606904699,-0.388312235683009,0.521549010216005,-0.243807457525125,-0.248224283475969,-0.615925741943616,0.918880452937244,0.892139256682043,-0.698467629884884,-0.424722068441221,-0.490434489230714,0.713769026983584,0.951560217629495,0.147103448819661,-0.330523473311536,-0.139128554048396,0.264237955137025,0.134448304605994,-0.996419245773647,-0.00911245770545362,0.114744658294941,0.95855151000074,0.70201786271709,0.79387891023169,-0.0923061427647794,0.765477916561968,-1.06471393598042,-0.515631823878098,-0.480716607749714,-0.788688396191401,-0.231251486448215,0.320991193002223,0.637942375272657,0.0392453233871729,-0.185976443671989,-0.576586534908842,0.442908058194202,-0.805075761706873,0.513033984115635,0.821102320867675,0.767568200933327,0.211889470007722,1.07586837297129,-0.203240184282471,-0.812154666228449,-0.184011591843755,0.789768532906899,-0.480297286465422,0.507739461088625,0.322887290718364,-1.01724029209072,0.192759279965454,0.704970731949598,0.541790791404898,0.583762870799712,0.132700435761897,-0.321527083975727,-0.622039738468628,-0.557672540908509,0.0287620768553354,-0.132683450155885,0.684657198377719,-0.6490848449859,-0.784668846950276,-0.664958141511627,-0.722020735548589,0.81000369561903,-0.0432115903330952,0.247695023526711,0.259712845105735,-0.164006711823312,-0.609597840648597,0.923380567444923,-0.905062325619587,-0.724348852911713,0.359616870763375,-0.912897353521015,0.741632631708599,-0.727308512184696,-0.308148253045868,-0.858843886420652,-0.6746964192843,-0.110043330011679,-0.605770417798336,0.0379696954738068,0.054732406453634,-0.755881786811987,-0.838194774855639,-0.264609254266247,0.848067388686674,0.118435971662445,-0.739783553760695,-0.382733109493544,-0.760419849149353,-0.440708724294461,0.0730912057298669,0.672872941104964,-0.384996205739322,0.807645489775757,-0.535892167128118,0.390571154414662,-0.278232239895754,-0.738676268800238,-0.162489697988187,0.851747040389395,-0.169145007030949,0.0971640999479509,0.176797294942664,-0.237243325399041,0.21901561654473,-1.04641772171269,0.389313112184228,-0.423121616234043,-0.511207715215985,0.611132582246642,0.647915232614338,-0.726022710113699,0.546976414202851,-0.219124715724914,-0.834980318613706,-0.555432341527291,-0.745662160494655,0.611852354335673,-0.397718566246178,0.826210061980194,0.381734751570975,0.308281612481658,-0.55376520178526,0.368314803588251,0.565316519351364,-0.521884285282347,0.75989398838034,-0.806073860296417,0.59029445791853,-0.648168765660149,0.74108632019851,0.558544464146953,0.736394517729502,-0.774599603194255,-0.934978138229724,-0.914994719819919,-0.680700808529914,0.78283597478005,0.417643736227999,0.373550393354758,0.524223790286224,-0.433586921144273,0.81369662470522,-0.472719584176254,-0.365298613929991,-0.679761006852772,0.620503726975848,-0.0687096799125225,-0.158890674799726,0.0703871756602133,0.819713053335733,-1.04174991152528,-0.532329690659687,-0.260322045073618,0.918136805823794,0.331007517607331,0.123566588682231,0.508904180067528,0.795963172040316,-0.863239905033326,-0.893549892597679,0.80028757522815,-0.658510008897156,-0.373791929143581,-0.153126955329755,0.231105861569779,-0.789042866434079,0.313367939300342,-0.811859120714375,0.259513007333223,0.0519613459779003,-0.0777575178268549,-0.698108508319213,-0.473474070243594,0.219397692450603,0.0782701425300918,-0.173975560424419,1.02277474067628,-0.430016853219808,-0.358306093439476,0.477489807961464,-0.58366746641802,0.0147361573074929,-0.363861814458685,-0.78699514399677,-0.39271584855705,0.107313469619865,-0.869807064173346,0.626783671359065,-0.610295769171561,-0.808745280722642,-0.513173975451558,0.737984300793365,-0.440132183667839,-0.15831968132453,0.689069695373881,-0.00643739469992435,-0.781792786965605,0.42028565664446,0.943625207268699,-0.540479279762609,0.854075026780518,0.777407661860117,-0.665221277143813,0.887265042370479,0.926979745801981,0.55184562141315,0.685378528179802,0.0580513597430275,0.834771217579044,-0.2497402550781,-0.321217561958217,-0.147131570177915,0.702422486623245,0.633923832418459,-0.0460482454438732,0.899290296752257,-0.40448742218279,-0.224307437579426,0.261011314224162,0.297279313079466,0.415760555383083,-0.762462216747328,0.459612173563822,-0.736365640230964,-0.348387280336302,0.00136809003762171,-0.720726359955805,0.0642117562950909,0.310737267414367,0.00376051794993528,0.930699659349234,0.764809985542855,0.0686415540385831,0.00160051151712757,0.821730470718873,0.0312593153170174,-0.278615462002675,0.348745720560064,0.429414230098352,0.599113198068141,0.252141782806759,0.896342937966793,-0.41553883108859,0.0386113877382302,-1.01129785525984,-0.858486864112104,0.341487182358149,0.870817773808909,0.325463612959459,0.420052074991068,0.397735057261176,0.358610614282642,-0.239731392350848,0.821680292487609,0.591056653508484,0.0370936368036764,-0.345381641800061,-0.459905435051601,0.503530357753142,0.499017087951368,-0.491924267616686,-0.81497763037746,-0.713369433331893,-0.149644033937009,-0.048631903936735,-0.789769764728318,0.839808721407559,-0.728986497729921,-0.642257267260167,-0.217005902327874,-0.0628541462345707,-0.361783697000848,0.707981408800659,-0.802598823577507,0.0589670285217346,0.0697344473937217,0.309743067774806,-0.385632976907911,0.230283331490181,0.30215165947319,-0.171488598240838,-0.407676395632462,-0.251342543456698,0.185240326068872,0.37839387630704,-0.900921882327724,-0.507265381947325,0.328775833759172,-0.0853726069190626,0.403409535090566,0.926033936256049,-0.320568023696909,-0.273721924115703,-0.0287490446154263,-0.623951302338223,-0.781927173236501,-0.427599506945254,-0.0889287682847681,0.556662249803469,0.740137359136952,-0.338512718177984,-0.519961164398069,-0.642954101370261,0.942570684600924,0.334504463135844,-0.901211095483818,-0.0968168642901485,0.57645617727567,-0.602111577332499,0.346153282196123,-0.324965792218206,0.421116977786029,-0.666979106838713,-0.997009676995019,-0.767449719778613,-0.635556657416501,-0.788849144464544,-0.115450708491329,-0.757338108520418,0.0371755283212272,0.650000528643844,-0.251687206142905,0.270057911756701,-0.530083835057079,0.230408678654825,-0.555055241747296,0.0800013964998558,0.409272875976313,-0.890697716425962,-0.960711240690614,0.3699157346614,-0.381322809423874,0.462745726253422,-0.67696842257874,0.701594302794882,0.908732247064279,-0.472827326075419,0.331969551089718,0.758106643117157,0.199183929137345,0.246769949817859,0.71821358497743,-0.975468979091716,0.108422907240225,0.378465476783433,-0.36787193378181,-0.662484906041204,0.369803383686086,-0.226813653326274,0.27355842736789,-0.916344760482519,0.123579831142227,0.831323315807529,-0.471029210481038,-0.420318166800189,-0.477684433891335,-0.392079416221833,-0.191939629102572,0.291784155481624,0.765885747790374,0.27906887570033,-0.574064691090163,0.532608076516006,-0.323726140107116,-0.271022262738363,-0.940834915891945,0.794052380465791,-0.733638734254851,-0.395096499591079,-0.953259528785235,-0.00823583398594345,0.406654341859163,0.626160853739271,-0.485103674026061,-0.274310351899125,0.160928349274881,-0.939383201647137,0.608265194570422,0.0750779929554133,-0.0321137055188675,-0.541249920509053,0.418366239011829,0.794487523597811,0.585507268267074,0.568412071626718,0.828876206028837,0.153925397157253,0.523687495439584,0.656993631444073,-0.873935189269238,0.119271701977034,-0.263200963897447,0.475291371965757,0.665847557865263,-0.126193417610657,0.914001826607903,0.640854695048695,0.130392644354145,-0.555824161955626,0.984119835135844,-0.770620389820673,0.252701548609897,0.486014853585576,0.750619756928855,0.829055221660687,-0.636456980179203,-0.647217718645488,0.0544756130437911,-0.978584822094691,-0.455365376631193,-0.750956642317848,0.105432508042495,0.108553697748532,-0.202719300974566,-0.788353832125717,0.487831820558831,0.668286217765,-0.715986717653445,0.205178672067639,-0.875716285760766,0.657288491502079,0.238944176904306,-0.531284535711464,0.655762155261099,0.314867086179286,-0.472198712878415,0.477435843312651,0.0960226761929313,0.365383394546615,-0.163280398519959,0.338512176720652,0.258932112974743,-0.822197336423954,0.422835121061585,0.0257859212218447,0.496497381394258,-0.43489707800325,-0.662235692097906,-0.273544705317755,-0.757706557610452,0.347458164297366,-0.888374272925455,0.194370630403943,-0.993371827392931,0.760616769306562,-0.788632436360333,0.730510080828521,0.731160390179946,0.608032699070347,0.682492027518592,-0.671888015866901,0.565108658513405,0.659189661028435,-0.931267503012074,-0.344876312250404,0.565736255579867,0.478379358074573,0.817354700532033,0.919529379457132,-0.60488795991741,-0.672738103433833,-0.87686136515181,-0.528930591929211,0.139365234982743,-0.207846872722403,0.882212726793717,-0.234845893710817,-0.346116456643698,-0.171120895365401,-0.784072710325191,-0.876791888634054,0.734261943825829,0.496153853580502,-1.02932870886231,-0.374014344184068,-0.163165998639928,0.602954832027442,0.540993181340818,0.854329225108908,-0.285370812738975,0.574397884124738,-0.341693301697828,-0.469136350401618,0.687967208018423,-0.630537261058566,-0.772053248774511,0.882559328014945,0.462551558412569,0.511592264563838,-0.460246058199233,-0.171724490791633,0.390822342865708,0.0568291721079925,-0.253449808505517,-0.60469667565648,0.582629872355318,-0.843924231670685,-0.289466301940685
-0.820375541090722,0.0157057669035397,-0.255611449601832,1.07862509947679,0.0873745878630242,0.182710138176999,-0.140903977751396,-0.241313379971788,0.258097714462383,0.0791448751999028,0.495634227578067,0.523633036356609,-0.121101376516097,0.396645521704163,0.623562519243149,0.377172476537197,0.822522567103081,0.696164912940959,-0.974904734956611,0.978185611746675,-0.00509916512578932,-0.843534328987608,0.606233882254337,0.42577145333939,0.281973107514847,-0.34607372575618,0.584599684906686,-0.597433425010467,0.666924887708392,-0.0619223045857086,-0.152336515464282,-0.533188604270827,0.403958753160444,-0.738890396540894,0.965691929001596,-0.559576979503404,-0.196785459074666,-0.208591624063569,0.025167022560786,0.838701690561442,-0.782988994328136,-0.577355965096594,0.127057976918357,-0.629063708326143,-0.460064791665566,0.127719618461503,-0.0362912485162994,0.799659821465438,-0.891890342272471,0.932397687671729,-0.831996843969419,0.550253461292891,-0.274858123463861,-0.309850119379382,0.222727642870882,-0.578842067196368,-0.656420414469985,0.376487619438549,-0.197841335254098,-0.567147750169751,-0.702308996363589,-0.331134837936407,-0.839719396877145,0.522620677461682,-0.916245598938433,0.3296634382147,0.199327181138129,0.562262958873314,0.248395683079353,-0.471270890363669,-0.226210658883337,0.64997216000717,-0.11154148510434,-0.0096442179752514,0.318830050448277,0.286886434507107,0.485191507328108,0.232393165961013,0.828130444826807,-0.153167192488094,-0.131670403605462,-0.934193319932461,0.640078870379133,0.593718090357488,-0.869457050210537,-0.847099682017498,0.443227329815413,-1.02366205391897,0.2541175574556,0.529211883677546,-0.257032286047571,-0.179688719069061,0.837392299285731,0.21969246155243,-0.899474121138664,-0.372853482497837,0.0261410916289206,-0.82285971486328,-0.361653746514838,-0.582659597144687,-0.102239294474964,0.101681039876125,1.07139189392245,-0.840378446648362,0.707547209195299,-0.764183523533413,-0.688253618933444,-0.17810336125557,0.0626379409945228,-0.83627642453296,0.397092795033062,-0.832067503919154,0.414584847291613,-0.230237271890787,0.0783622507858559,-0.968598976805731,0.095200301750382,0.690800469919082,0.245108331250631,0.450756049835748,0.110715316240735,0.320015616882461,-0.578132550271918,-0.758826844596056,-0.632936607110809,0.182130843891267,-0.907014726023769,0.718904450650397,-0.121389645332971,-0.594833633148842,0.442848291123875,-0.628211383229613,0.249380075221827,-0.526647248330609,0.624761615138366,0.13237898584907,-0.424965393482735,-0.687255570743893,-0.75125399762584,-0.299411320551806,0.958285438600455,-0.156177384972553,0.00380098112317408,-0.127607609850865,-0.757232618733119,0.900298803995146,-0.253169910774008,0.315318797443205,0.199848676868868,0.0836317363755091,-0.355581048980682,0.870829784921728,0.0361305435791288,0.485949687382287,0.734321462627986,0.851584584821877,-0.088080144638789,0.866055207567465,-0.618198291254718,-0.737854091510168,-0.276367518502327,-0.0158507103134856,0.364433387937844,-0.339921613378867,-0.957729067228569,0.732756421114077,-0.100758045639373,-0.332116912783245,-0.915287076948715,0.822696511277289,-0.947123326468179,0.490740500198304,0.49908790999496,-0.239891227958035,-0.667546084300758,-0.331452579677753,0.843430121261418,-0.138460949017703,0.696494944779946,0.90949099445526,0.0660966394747279,0.355891027722267,-0.666643853576031,-0.455656849851205,-0.220174868741203,0.569287534934506,-0.206835983184731,-0.772394084991711,0.170999786687991,-0.877034395756959,-0.827512174581038,0.808088316731795,0.764389070228956,-0.808962847669946,-0.283015082316307,-0.789129420544077,0.198380451951642,-0.565310755593221,-0.28906300668532,-0.0810896211843309,0.0489062142455762,0.590202567796186,-0.919780840760096,0.558364135882857,-0.462906811170168,0.530591088509586,0.862460104681421,-0.507237923397618,-0.587200499137249,0.918511417790433,0.638413166661717,0.485635339915855,0.485887823382729,-0.636750064697024,0.301935681785427,0.203237687942463,-0.638191812123317,-0.18281346620291,-0.475238414418393,0.333639640976571,0.440064113002399,-0.657010411291821,0.70023813009169,-0.909345359743229,-0.169626361010364,0.991334964070334,-0.726515752097461,-0.726944499439544,-0.0416418347361671,0.535529195839555,-0.424453141891834,0.676326074586785,0.383145517902258,-1.01576272153193,0.84344668656298,0.367481336077089,0.0147597677588296,-0.926075968700346,0.858166928709846,0.410403516662203,-0.766634041132496,-0.886814132437103,0.892175545106207,-0.759217506540808,0.153200935142397,0.44107822105005,0.232844688228084,0.0471635670236811,-0.104106680303813,0.21168922020123,0.746995663608468,0.671972164935072,0.810079671829421,-0.320817569662013,-0.558123992600884,-0.0165968496503277,-0.320418391400732,0.455783815194043,-0.605958006858209,0.868949946798216,0.821988155264268,-0.215940644779909,-0.0122559332949622,-0.873935386079111,0.437187923661306,0.907418026002424,-0.969785296154704,0.872932207429842,-0.414907519468298,0.684845418611676,-0.509076778234341,0.107472806067338,-0.199147033661333,-0.1660198247296,-0.0898651840376086,0.946418260982567,-0.699786600606266,0.654436395157811,-0.00766077502476319,0.185039408746725,0.216079486205144,-0.215087245367019,0.796592952546822,-0.820306207552989,-0.508218286647042,-0.435406740220753,-0.764088250079828,-0.888033804344858,-0.922474867999333,-0.87659078892452,0.609242669962415,0.710063852327119,0.205081403359204,-0.535292127208715,-0.0621651258942344,-0.67573785972401,-0.190451263697841,0.518585285455875,-0.842498786922196,-0.855383816583724,-0.361375049864574,-0.760851125558744,0.198477900612968,-0.897689980185708,0.97112045948347,0.371658696101796,0.0396709141672684,-0.03548445986007,0.930231460557278,0.855236497943169,0.548362674896148,-0.10385178497727,0.546293741055647,-0.515912575210849,0.885844783427514,-0.636835259572978,-0.613651199003161,0.240392536257315,0.709515312556687,0.486545787483563,-0.106894568381985,-0.713418532270995,-0.0171183994297006,-0.735772253635263,0.788027922733892,0.719845957369875,0.790655095061919,-0.949426002689334,-0.862553271385554,-0.797705246956361,0.398616831563285,-0.36648807683565,0.616734234643191,-0.71392850804658,0.463479661885969,0.308873860392145,0.571482665844502,-0.469901132926834,-0.994214344754407,0.869548632706751,-0.105433043026256,0.774142664267206,0.193758334041629,0.777029305289462,0.17953276652001,0.815084882531051,0.799065038348528,0.297351886822172,0.29485732569617,-0.43568545408674,-0.594678173694785,-0.128616788928568,0.75414139448068,0.189270879746114,-0.994408090113276,-0.446606340294359,-0.96084872369611,0.375983886354469,0.915972995246549,0.406636615629262,0.968104771167652,0.82176024003278,-0.0317886708881843,0.975517450875383,-0.990573103435106,0.527363373314955,-0.206914890352377,0.116104371781085,-0.506910842060983,-0.948966228242153,0.987312652440488,-0.331534254113386,0.953762515766206,0.594531546589361,-0.916449098119903,-0.485812471365059,0.169139986883786,0.0793371886866432,0.387023392607792,0.387195622991528,0.471265699971002,0.14661160139625,0.71806841485569,0.114945567935415,-0.123371448384772,-0.962819564471045,-0.0713946021529131,-0.281036072802489,-0.000533367807378261,0.191703273566024,0.829329562232648,-0.679345661150692,-0.419814271423438,0.86912606647574,-0.127965903272237,-0.376591160980435,-0.287390556265358,0.131848365655097,-1.08321081408033,0.555828409981297,-0.870148991903211,0.553426441594088,0.567455802687829,0.0861350675123739,0.108231628788133,0.215031825692073,0.596715709302038,0.465399737854598,0.523519244271472,0.332402227719727,0.413168306793776,0.192236671918402,0.880125552999064,0.215407073579755,-0.167060860764542,-0.344612461007674,-0.760241709398147,0.846249263213061,0.469460217429684,-0.12347328195936,-0.51578910605,-0.829664626343435,0.687273292657062,-0.548286615111585,0.160849877729492,0.62754079295327,-0.00344012103579068,0.224434921399715,-0.441069029839715,0.262086267884971,-0.69834179129474,0.856107166603048,-0.26921522817377,0.0074495047742642,0.0269701375447528,0.974539017100492,0.902561385062291,0.493454281877026,0.894199354582831,0.320312408897924,-0.678729395575545,0.135528071680737,-0.776479411329908,0.560247442073219,0.743916415067255,-0.821085665033972,0.116063685691543,0.676712346906642,-0.462266064946203,-0.590975201863012,0.545486923760527,-0.502255036201616,0.67783276918613,-0.0147369769772883,0.671605167186412,0.17350922760428,-0.613797808307217,-0.935739650048137,-0.655566057985678,-0.736765875867359,-0.866995281548903,-0.684033580201548,-0.0907885433159519,-0.0849901220318444,-0.108818000072825,-0.151689318671019,0.278222470589193,-0.674083960211777,-0.139286005698023,-0.814080052155225,0.483112622199599,-0.204107374435218,-0.369335998877128,0.280159522120451,0.216927489955567,0.12377766930655,-0.811470579308225,-0.79757618903412,-1.02475768881534,-0.976752206958036,-0.940322789701209,0.878450636418153,0.866083577516555,-1.01791083109266,0.803504178391919,-0.398998050150234,0.869058413529751,0.992235481939057,1.01502495355461,0.804956713431736,-0.676272160000079,0.216642456006131,-0.745022111498433,0.762750002770788,-0.063345986291442,0.808167371267845,1.08415240513008,-0.498526070759471,0.703476296612012,-0.459622515439856,-0.0965191719849116,0.897641230948704,-0.276813729709962,-0.892929942603526,0.08426705597978,-0.2899218835747,0.953783141521236,-0.71286749472466,-0.604647515281447,0.567488416156057,-0.113138834791855,1.06704748658471,0.410653045026926,0.231821343946696,-0.764703778612271,-0.859617422485471,-0.559751945271557,0.659691499473164,-0.578808975942879,0.457753795983969,-0.469537307602354,-0.141125527366592,-0.76420976254035,0.0667755689342316,0.788010801220303,0.130350632974546,-0.846348447299861,-0.874300001275368,-0.739676991155185,0.689320705467298,-0.567097870315086,0.529430644263983,-0.629543353924249,-0.933138344727677,0.51396184748206,-0.880750511773116,0.854640875439017,0.0337363602004799,-0.335438148116308,0.855463581376127,0.864007376836802,-0.55779043741557,0.295714260984792,-0.11787299543024,0.800491814316741,-0.403227956564865,0.525962638886723,0.722745125508173,-0.0777283875692722,0.999246150432335,-0.162653189913876,-0.650700720247909,1.02486765447336,0.248985673613152,0.746976343251662,0.661182740679879,0.77815466891197,0.436380309303966,-0.999105935527704,0.525231524150532,0.288570472762948,-0.636745935017266,-0.874284133356774,0.407317944159607,-0.533797940140383,0.407216613244643,-0.309521904286624,-0.972787784720347,-0.628081847038317,0.0613600424772665,0.802885445509563,0.0935503181909037,0.447139393306546,-0.809869484931858,0.641075019489773,0.803772191375241,0.204532779034029,-0.580859717551733,-0.89975181851271,0.142800943647331,-0.464502240445541,0.607666462858139,-0.928973358925492,0.860340193323514,-0.0574403253657122,-0.754875265664512,0.190146077676752,-0.406411319452464,-0.54792748313296,-0.268958934529716,1.00059412138165,0.461299826344508,-1.01588059846774,0.787030666251126,-0.193931304261227,0.14500832664463,0.00564236829675521,0.791037275793263,0.382983305830631,-1.07761634943107,-0.59587889355298,-0.214106069868263,0.263117237686972,0.798106485384965,0.860205917379823,0.952512937569364,-0.658944866247227,-0.839453067319378,0.141180946244125,0.558962651683261,0.98237254109831,-0.0137459957015051,0.799398421524412,0.891600312238045,-0.598266731519443,0.939430788836582,0.523527995746156,0.431730024619418,0.900614877526017,0.272201423303206,0.802767658914701,0.517560684180609,-0.773955114974013,-0.946332136045868,-0.175694736216272,-0.798679590956435,0.322986105762941,0.830524658172686,0.0993198915961048,0.026664895780598,-0.224172072712808,0.238014115668613,-0.879159335523502,0.543741518216644,0.727168222093014,-0.847638049252359,-0.614910745213465,0.33135205777206,0.630081482958443,-0.788632566610023,0.812372364069675,0.766750476917348,1.04618797417917,-0.842087835405647,0.456430548217593,0.0122654539917098,0.92134430601056,-0.431663474152807,0.766383905494366,0.556383053763759,-0.687631255959603,-0.134428510757215,-0.935039859256175,-0.410048432919744,0.77264847902088,0.267963191586866,-0.981628007090085,0.47812029169777,0.755254177154328,0.755227347428384,0.0246832919689373,-0.539749811791773,0.176877881423297,-0.263762266331192,-0.279377156441913,-0.538609908103301,-0.213182628457438,-0.812383380220758,0.821817695970979,0.255089760323726,0.330094362356985,0.580177193432318,0.974226675814678,-0.684284029881933,0.421856189935877,0.593217048556514,0.560701570964443,-0.467393072565923,0.853265341019217,0.340226348952628,-0.748274146751432,-0.930981773474167,0.616358527279938,-0.112690654086372,-0.270316538082079,-0.159366872274953,0.594230903552305,0.179646426298596,-0.429566081892235,-0.442616666431127,0.637379792728262,-0.921760948078724,-0.674346874433663,-0.489778778691969,-0.486925366486354,-0.149343770852871,0.516303136353127,-0.429751267976297,-0.758943228810079,0.97367827308402,-0.910534423040061,-0.77322680621843,0.0666116350143926,0.216645628731633,0.19487883594519,-0.930687269160051,-0.791785254146516,-0.214369174333474,-0.266014388274067,0.958697590312151,-0.785686662737421,-0.841278793445037,-1.06750798629111,-0.809884903701482,0.373075594050825,0.97823401752252,-1.02179929287965,-0.0524226172990597,0.684625311872683,0.439882142928613,-1.00850372429655,-0.495290009784096,-0.293170295162783,0.795412457742037,-0.874773449086265,-0.238787026655368,-0.381931042661895,-0.909041634651365,0.0169443766318066,-0.984841031663264,0.966115603694207,-0.0846106685465555,-0.697292002812998,0.623345609678361,0.189757343042768,0.446313190233633,0.148559183795868,0.788410487862245,0.0210747849150206,-0.411115516143146,0.705821131937638,0.853726017718061,-0.244895232832012,0.914758983730605,0.260739812868426,-0.604212237521061,-0.155588466465781,0.289710216387367,-0.639405526344166,-0.760521707784534,-0.114490333499411,-0.0743791467213261,-0.708986939030635,0.0819518828920423,0.711891936585765,-0.954444709240026,0.723452680614766,0.750628509771973,-0.576435532979729,0.560443874480147,-0.726576124289019,-0.0133288577699604,-0.472317654706225,-0.579871315648632,0.358515754326247,0.783266008644293,0.736531641199196,0.767657318615526,0.17100137850082,-0.160198290864214,0.210194379094501,-0.662032324814726,-0.0224666526603862,0.675309375614861,0.116079304163197,-0.50789184951812,0.61255624835633,0.2070705110586,-0.87181743828827,-0.813352905728931,-0.440072493337602,0.164563343864424,0.311988056276215,0.309989465308028,0.038384278286877,0.023803105666508,0.985921690739138,0.376303562528891,-0.902022465273091,0.648906900543365,-0.0612822050317333,1.06100660607291,-0.6493679705572,-0.90960242591351,-0.36888366714773,-0.802610880060975,-0.140214535491615,-0.109774457843811,0.594720524767155,-0.282814623838699,-0.129777369731188,0.941376391347325,0.916376245895759,-0.700610090567341,-0.23288926863381,-0.928024919665855,-0.028572929564471,0.0331558213681478,0.00816502417038939,0.621215493819525,-0.722273033506334,0.762742201512359,-0.145748398231694,-0.0626886300653922,0.215739899088975,-0.196616889359818,-0.834387368886982,-0.253849725723095,0.638345748609148,-0.426748307874831,0.349722058535232,-0.754533057410859,0.648213553288356,0.801277424133873,0.607312642004077,0.108681323262075,0.573313808054007,0.706343517624096,0.142821515605441,0.7262747716796,-0.690216630147491,-0.305267865249594,0.82788730821495,-0.116842066319823,-0.11323938988525,0.180815005156597,-0.0749740849914466,-0.320216285736364,0.576305949976009,0.367487492094611,-0.91680164130348,-0.774458821550306,0.193717097569239,0.365972920170606,-0.44060708450528,-0.931063740803243,-0.0947136805925214,-0.430035625346503,-0.107896955153636,-0.831930791239412,-0.978756142669355,0.500093306991034,0.339247699913666,0.774056793758385,0.861900910826803,0.247867094230075,0.0403344810333996,0.639940191391217,0.14028325189438,0.465205817306844,-0.0381889547931955,-0.032269350583068,-0.177211804649312,0.699883905302512,0.526477633779131,-0.944079208458822,-0.878532154674211,-0.296745602315176,-0.658690274921236,-0.605639526559058,-0.957653967442221,0.946141783075721,0.820488236340854,0.691176343307011,-0.769442101075109,0.4142735204328,0.75752747478989,0.299047957386597,0.228370019275763,0.886266249405534,0.450198601332248,0.828180740457822,-0.822124887936125,-0.945764918369426,0.424628934404076,-0.621452732292149,-0.650038427362812,-0.0432104648850194,0.432310410264401,0.448939433372857,-0.638608494050175,0.526328435347752,0.745002231590406,-0.515476543974747,0.324625419789806,-0.956916451641856,0.0332073875844283,-0.888577559369839,-0.636597163112731,0.751346152412985,0.507631750176437,-0.352061032342407,0.384824119723954,-0.224988694168736,-0.612570139613706,0.282710459071465,-0.332137184409077,-0.757843059156604,0.623437656106867,1.00412259443047,-0.701825858460265,0.63671612041512,-0.0940559858903432,-0.800719369151965,-0.27356114328709,-0.610300517675958,-0.172970181559385,-0.214744030132046,0.439515474347537,0.785862983006284,0.78013957061448,0.872333760377423,-0.651743409382277,-0.219034350079835,-0.850342375363228,-0.0300227171862356,0.0640857006196789,-0.492922368314119,0.519625847103951,-0.927225182989834,0.713372934286739,1.01274885490086,-0.293383625834015,0.265904461645266,-1.04632997038304,-0.324697421178548,-0.116614360246895,-0.929779680717929,0.672787173139877,0.121280367375917,-0.503065225590619,0.325753699631316,-0.391401058614517,0.146246649040411,0.235755839327085,-0.643426487015908,0.028566212722232,-0.318851195058023,-0.145287022402699,0.0404184629645765,-0.811250334619733,0.581814023236973,0.599284442477189,0.700550317184587,0.902329524347531,0.19847696193358,-0.397705380350238,-0.924501244539972,0.281805507524944,0.956095728718735,-0.521044944869607,-0.574806520913525,0.613251198497148,-0.597721860192887,-0.234803991877648,0.884454283153713,-0.0978489182236938,-0.312855821504004,0.492249734779246,0.459436015511473,0.852825873291601,-0.864606416974261,0.0591372080587054,0.45516931166168,-0.696653323158188,0.255318421959211,0.875142605896994,0.801361470327827,-0.693096679746347,-0.832929275952236,0.906699267519875,-0.0828066551528523,0.968147586408811,0.116022991481532,0.0255027903187624,0.579637568388046,0.453395821921469,0.253425297223936,-0.869115357928719,0.303785877741083,-0.840953253107945,0.0808627294713943,-0.131897570195405,-0.991831892082606,0.880312573951706,-1.06024126237784,0.566881005547109,-0.247200980351797,0.8300713533352,0.814769454568369,0.758566578633066,0.452235238469507,-0.533840912341154,-0.788311293812645,-0.507874907093302,0.0151304961387952,-0.932220887085521,0.111185779648486,0.0199821733827817,-0.552565038085459,-0.673847188879874,-0.105732022918036,0.920704873690893,0.266749345863819,0.0693454657680042,0.133442477951147,-0.374813512835854,0.666857186835173,-0.653876049873756,-0.62138111096416,-0.775689773130339,0.907093417286809,-0.456482266540327,-0.189303944404445,0.824851352610779,-0.490938875317538,0.927286451389803,0.713952381155188,-0.100373919054625,-0.857571764856869,-0.396483374595185,0.253902188108678,-0.102310763224986,0.738155074065933,-0.908449702429249,-0.39080302079115,0.412147764812235,-0.332554787527347,-0.614348790224239,-0.859741694547916,-0.335997722713736,0.735416791423166,-0.8613849798063,-0.139776749998527,0.148120132646508,-1.1770536102654,0.330383975403608,-0.984652077635658,-0.25554338331961,0.560680703736612,-0.807932208857921,-0.280983236873378,-0.154601426844615,-0.966968832015496,-0.148749906193604,-0.331752857820256,0.0200944829223258,-0.505591740386432,-0.791215298893517,-0.425767785451327,-0.808719702753667,0.578515075607883,-0.330878667958925,0.0767172559100251,0.691638644559277,0.561736366389014,0.863171052983,0.243959376755159,0.53250572443694,-0.23148292900905,0.948477017469568,-0.115441386099365,-0.946359533121055,0.616462277557433,-0.757518876328596,-0.84247911013597,-0.809084592653839,-0.891663255010519,-0.288000204567999,-0.742437180411882,-0.917767513954292,-0.785570370461868,0.390199508703274,-0.80464467686989,0.0855942967246262,0.818112551374009,0.371634163908179,0.424279755972121,-0.521174388830817,0.358696869654759,0.639220463057336,0.0028446125093593,0.717908735206189,-0.411390775102857,-0.125842534931964,-0.117782554646395,-0.936982228364571,0.00849948044831646,0.172232637405263,0.0280180215482783,-0.551124682022958,-0.372090912831119,-0.356776649322263,-0.148710709458712,0.111996739671044,-0.218933853614675,0.417608994326327,0.515848203011466,0.531490343470165,0.409000417204747,0.169634473920866,-0.425435225178754,0.748435022470616,-1.03611540371198,-0.590770698496677,-0.799408119869705,0.54598585804092,0.779847761642,-0.414265837775546,0.313499830695431,-1.01678915063528,-0.0570263294667879,-0.567188295685782,-0.620367822506866,-0.79982822804006,0.422080207259742,-0.0281026624463218,0.0838226642581529,-0.0842294101593035,-0.243200778303976,0.939995909635128,0.606999333844027,-0.494700678863555,-0.470106393506367,-0.628172234053449,0.0300807152104016,0.975149960292668,-0.850868845466288,-0.722807674256701,0.133182411469176,-0.890999430831004,0.299378226293599,0.978735211300418,0.389272648057565,-1.0724830165809,0.181786756133408,0.290298870949215,-0.616063671225461,-0.708040095026507,-0.779407736847367,0.0673391162422598,0.45577341019366,0.658294444508937,0.592699406211866,-0.300859307267959,-0.145627469881537,-0.550229391684939,0.249737782042085,-0.161339048910823,-0.403697584540139,0.274738141445773,0.0854982995602171,0.6845711303066,-0.421534644231264,0.714730266329805,-0.143677556281565,1.00661579479967,-0.196040677778379,0.906659758741332,0.333892491201449,1.08513301751021,-0.202466662158942,0.139657786831379,-0.625028884704116,0.40355847656461,0.0748327438422102,0.0772503784330015,-0.941778152542001,-0.260005171393794,0.490969685858675,-0.581923365234166,0.150822899579609,0.689275195387936,0.691867407743969,-0.0538437990827716,0.0961083221611336,-0.0549434307845235,-0.499166061670773,0.108686817904659,0.748308116553255,0.835559679857678,-0.973573770201783,0.588180847038178,-0.794425167518712,0.638587838289081,0.896445345652942,-0.8117687182225,0.678224077587718,0.456749664021638,0.615539789739964
