0.648631309734246,0.93133107185924,-0.00701859520084011,-0.653489493031205,-0.981904799160971,-0.120623984953481,-0.121751590734784,0.372270337512679,0.881293619858474,-0.366399767471951,0.170440901648934,-0.202186861036255,0.0478573240575046,0.146317141726417,-0.475117375949496,-0.619860513218132,-0.713668075223297,0.159444187457434,-0.950882932336884,-0.0895305457614046,-0.81200893422779,0.0955042180164568,-0.127332808847974,0.387329552683272,0.259252511020413,0.882540035196564,-0.0348246622390819,0.353677365971505,-0.732727235245894,-0.384877749111817,-0.366402871556474,0.916813464212557,-0.975380852309876,0.491980185229572,0.197885727152487,-0.466824998929171,0.0713213750167657,-0.176334966180945,0.429551263920716,0.957228932118513,0.647573359119747,0.910084786354662,-0.0595696205793922,-0.645090025719687,0.385864814835521,0.415394456630739,-0.77882246604227,-0.121442306231936,0.0886416897082677,0.649170560289847,-0.887986711522613,-0.833086226357271,-0.540374862163649,-0.729196727552439,0.0106271604526278,-0.50267313252875,0.14994757384746,0.97209603731259,0.585238359285646,0.956654259851782,0.954913802814439,-0.673823897327473,-0.648814089008624,0.806321039427071,-0.466104469938535,0.360264239420388,-0.808883666942952,-0.415935373215935,-0.428159090989701,0.164023783240131,-0.457556367174298,0.233253406349531,0.763479623498309,0.269197007505845,-0.34724567481401,-0.749382534408067,-0.598530503207211,0.827919727690412,0.977152522420671,-0.22375601412012,-0.456361627160216,0.812241396880178,0.84099780510965,0.641644377283724,0.813899686172694,0.507737553601621,-0.334868909730142,0.43814222573155,0.200652644676365,-0.755755220872084,0.208550062287542,-0.485795283027723,0.365470307550215,-0.00059574276929325,0.879029870431522,-0.243068344079058,0.19140161299339,-0.44991698389715,0.610497750610608,0.148111491435992,0.860362610561366,-0.583908585995413,0.703924587809353,-0.219271547801796,0.512712158397194,0.144500818441243,-0.63996371285302,0.421470007243182,0.0740400952186368,-0.917066716020008,0.430603892493487,0.338548945765903,-0.949081823989248,0.273986794338867,-0.547591828422449,-0.071344107901519,0.636335161149672,-0.274304949173853,-0.648929674909768,-0.48495618733485,0.940839069780644,0.815611241534854,-0.206857395630812,0.220786901984998,-0.247741685960204,0.718137839119753,-0.184874582398295,-0.812022562847254,0.509473288206433,0.280496826931785,0.212809590452126,0.868739109239339,-0.295752523973838,-0.596051122281577,-0.628447099705441,-0.425925265551216,0.766653636679868,0.695934196451122,-0.69606655404833,-0.645870152954848,0.688841912253288,-0.552221428200669,0.054643192218818,0.344001598924584,-0.921572923900496,0.787862730307698,-0.609713826874668,0.314447527805858,-0.620416725551621,-0.656495634484718,-0.939082027258099,-0.519071488706938,0.515451213338405,0.645732262879572,0.973730640580876,0.827675361101541,-0.748306309708336,0.571261898194414,-0.242015234979319,-0.761189247295755,-0.225511312735392,0.327565699928909,0.3766766445401,-0.00829645898220762,-0.714690135505129,0.170197415175475,0.124468904359,-0.0394438525077433,-0.239604259199185,-0.00622434800887997,0.0303459457757267,0.251964850350269,-0.702886501520993,0.306345829659184,-0.637947109475379,-0.219520826258558,-0.723312402827645,0.857679513889458,-0.0448419320885435,-0.564929283807412,-0.797581651141629,-0.292381665516827,0.895336635091399,0.831421084959701,-0.989731758605548,0.20533884681193,-0.947885770630912,0.117982267742891,-0.293938634575001,0.542516190913491,-0.598931330681384,0.054421473726708,-0.0562491286352101,-0.675848716974222,-0.143228902921125,0.724711542510557,0.795021665857713,0.401632007702951,-0.777019482479434,0.220617245729164,0.18277386271871,0.417111626107353,0.956525795116784,0.752914031739463,0.180538316378659,0.666651767550507,0.881956180502133,0.331144637280947,0.104376428571115,-0.87630995504121,-0.287903251469381,-0.320947194931192,0.371329060692633,-0.554149017091178,0.625931935628627,-0.844755835966434,-0.738614345745541,0.396503802786164,-0.579159302166365,0.881130165359824,-0.924063260072729,0.144467899410026,-0.71782930820547,0.167353903254637,0.264711282335207,-0.431571721819792,-0.70033719184194,-0.22722513613252,-0.322509015157424,-0.143553480617796,0.693124717457638,-0.514750811397734,-0.245191956614365,0.846873446802972,-0.47387312613133,-0.0346509589394458,0.212829452051355,-0.414900413364616,-0.0270634005364337,-0.795886250287712,-0.547767309536396,0.0951836603510134,-0.409203397632711,-0.173604634186692,-0.494047183539353,0.460923737534667,0.513068108458659,-0.373314854422861,0.950368467263364,-0.518201035894641,0.618146682650512,0.650498719473145,-0.483249116538259,-0.26402594374989,0.0583706979367665,-0.63272333905472,-0.571784865442713,-0.141107395475737,0.163218595825618,0.679233079790083,-0.157967586832831,0.255200081398343,-0.475517097342942,-0.135446348639678,-0.523439106140215,0.84102003324421,-0.500157633209847,-0.370238268160875,-0.913767108485117,-0.702900258052147,0.0915052967884835,-0.816132728236137,0.930704222672951,-0.518075115280384,-0.867996209051286,0.926484887444056,0.748115942103236,0.394082456120352,-0.839188169738609,-0.660085039260063,0.546051132763575,0.156741678557685,-0.931620790023562,-0.742566297324415,-0.912532296481455,0.875895621428665,0.728506030868793,-0.359999381901908,0.424544319579261,-0.471249799835688,0.101857544043047,0.785509016129016,-0.444646293644543,-0.66266928322284,-0.133783618174345,0.939366541211352,0.385953239152787,-0.296117361487217,-0.276424661923321,0.56474103123797,-0.0718576908194897,-0.967294635089052,-0.468188321939683,0.560474108105881,-0.956838232003008,-0.98865446779586,-0.463468598711918,-0.666413550027537,-0.268610488083512,0.672117948513415,0.679176635656619,-0.257086613777331,-0.310749239240025,-0.0476795497296677,-0.80317458411186,0.947994655523992,0.244010043706036,-0.29020189748397,0.804576558145383,-0.00854432562991098,0.891973782941261,0.681314025939304,0.136593731722985,0.210073510387074,0.57983451183485,0.375233525153991,0.534312397109709,-0.646640608411518,0.436319594000747,0.378641149897509,0.0374205088797776,-0.184392442161156,0.92384420714201,-0.874750643058982,-0.683469430674559,-0.225598418622505,-0.927296364060693,0.687014553128226,-0.018228125016372,-0.915313773501957,-0.562451847880813,0.0135844179467228,-0.148061362241461,0.386816967258498,-0.539197332824155,0.859327470241355,-0.206498233815029,0.93012392107478,0.80220352086833,0.0582884339530045,-0.559388932279343,0.600125044592765,0.218608191066608,-0.949529625344753,-0.467989930427378,-0.674813736114096,-0.335515071881617,0.531125259141991,0.709675557242059,0.748372479990868,-0.397995065111581,0.27076736428766,-0.770610044092617,-0.0484878144282464,0.26693015074996,-0.172368078535996,0.11243670996707,0.914139192229532,-0.886610612826313,0.529047064582304,0.948861372993199,0.282270704578192,-0.927477117343386,0.0332829140412882,0.249009258494411,0.168590537586644,0.304056380174778,0.782794511509846,0.710568661179452,-0.514055023890753,0.0994565540583288,0.0476279108702286,-0.114993852217674,0.420808145065488,-0.795787205237144,-0.336572458131524,0.498707122951985,-0.956850636872994,0.381213687655922,-0.371122862600117,0.140244736532403,0.845931712182077,-0.227650782123118,-0.0932719055579646,-0.549749344622389,0.968806577618161,-0.0152076041624762,0.788449256735045,0.468243958082276,0.803551561332447,-0.335862531709435,0.557797552695375,-0.534675900428973,-0.226568426591695,0.870944253639374,0.962998097872596,0.6236724582013,0.475647837494237,0.957785796656666,0.704946767772566,0.140153396118335,0.217552593821176,0.605952210919247,-0.228285686027554,-0.851487669423186,-0.563202436074271,-0.928896982491877,-0.810814761121289,-0.445453815577942,0.00557290117431819,-0.774666548357143,0.593531041149457,-0.990032592594776,-0.79917236628757,0.145683612475567,-0.835290461270397,0.196950615150159,-0.499777826734433,-0.711979054272087,0.597026885234917,-0.298592299301445,0.231696807663235,0.961375856275685,-0.256316975753746,0.727562175244729,0.836083601686712,0.662108548702271,-0.535174233246553,-0.602637350614631,-0.0480328991261352,-0.564194259221155,-0.35218335763213,0.449885124606831,0.562442351246623,0.901380562996874,-0.84421852762142,-0.997513931252407,0.957649627682531,0.690885364120589,0.965704812134131,-0.597520915741971,-0.670419196382974,0.190653828513463,0.374269277834354,0.350103614185615,0.365072649612456,0.601449549510532,0.712453104087443,0.145951977505763,-0.228834812716998,0.862620057445117,0.153419942753192,-0.48880057529726,0.911417867433359,-0.763882586755323,-0.0719989454376696,-0.794198878592806,0.143794814037372,0.282585533539993,-0.852875508381644,-0.115586836100971,0.117665907096606,0.939431753044717,0.369814573768523,0.660068839366944,-0.270031659299201,-0.471096902757247,0.748088500579143,0.116168817632066,-0.290239466466834,0.746968960942964,-0.74578294946337,-0.290718199730111,0.285902800845887,-0.496279066886469,-0.500324931653173,0.239383651929432,-0.280547245914156,0.856280874671789,0.148900588038638,0.160128128950016,0.214818825816407,-0.0850231505251838,-0.59685483003552,-0.850775318028324,-0.598677807366944,0.932133975795735,-0.117062367597041,0.532056304011157,0.0195359211901188,-0.915327511013906,-0.309905800688896,0.471925795853917,-0.801164214495374,0.713447708529371,-0.0773810632038704,0.744910493432841,0.0226161284588091,-0.434957194317332,-0.799659672235761,-0.721179972040971,-0.760071342778011,0.956615776247117,-0.653134156684093,0.840793587546844,0.932875562967374,-0.858843043872665,-0.503190836845996,-0.680799004533629,0.673874327368203,-0.124762186326593,0.274008892468628,0.55413159713901,-0.975267296512637,0.672753665540799,0.241777066211045,-0.432918104997404,-0.145468235012115,-0.956947397026925,0.243734741522691,-0.715966640948318,0.349614737113783,-0.26904136963892,0.492075661566897,-0.396074894532071,0.461846621479317,-0.115133665620437,-0.318017321282548,-0.636781381696857,-0.497654860266054,0.00824500512915916,0.968184087570471,-0.740168664323781,-0.927108862671937,-0.124725293581106,-0.218116288612505,-0.925145489510248,-0.957621313699908,0.98668269859566,-0.302350855570019,0.199480389363202,0.877681208288856,0.406729310473895,-0.289582713823231,-0.489250190634296,0.0560438443297868,-0.0298223711802978,-0.411649356324528,0.835581333741446,-0.176793128326411,-0.224557192491634,0.35629205097776,0.307566458489337,-0.404098479907942,0.89475992366111,0.747498393953137,-0.0396533724607638,-0.524711690702456,0.577898567547484,0.79440578440698,-0.539532370609211,-0.944933144309598,0.762351917820082,-0.0994462928768169,-0.43756364216432,0.551919190989949,-0.483483715596414,0.783073744222248,0.135715686568466,-0.831315229021723,0.799384229377915,0.495927100024119,-0.837449516717789,-0.675122244423081,-0.166777443903866,-0.802289848011433,0.0796841779713348,0.019508524293976,-0.859996759082691,-0.0549355244548376,-0.194138668593303,0.541101059260815,-0.126879268090938,0.669091675586707,0.0127634527246671,-0.422426241897824,0.271183231421667,0.432738362292334,0.129773251598919,-0.053855698468681,-0.170724050589571,-0.196415603991244,0.52231576159418,-0.878806649305307,-0.518393022406689,-0.759701070608333,0.459463052998317,-0.403525154552018,-0.67093549260716,0.790663160604085,-0.0428831572740839,-0.817941409854367,-0.0141316738569144,0.679316727871614,0.984693227519011,0.706830323078984,-0.535570693584891,-0.216227104709546,-0.0453718830253107,0.921704719205778,0.0818389699283458,-0.659389252336029,-0.113390768600002,0.123549027458086,0.110524800112958,0.294095517144656,-0.395717171588094,-0.0743198426705715,-0.944547928715406,-0.609203270000615,0.660241854010227,0.900583136843358,-0.0274709389225043,-0.598115461322845,0.289012689044268,-0.145322797811199,-0.722464893580946,0.681337948902094,-0.317187139576929,-0.738869871699152,-0.372712053797455,0.254365749932187,-0.946478124638399,-0.192857316856023,-0.91247102657812,-0.998629945291197,-0.114847759715774,-0.836044341280396,-0.153957781593858,-0.94302260557008,0.196971008970833,-0.0591186902557247,-0.97402822103698,-0.919581376919309,0.73388308813303,-0.374565152913113,-0.248640640329285,0.549410281751332,-0.983355405499743,0.933809404723065,-0.359488943142046,-0.404058155628263,-0.817318943149029,-0.994513507456027,0.529985601538102,0.678305976048463,0.760326571139052,-0.854326990837423,0.566872675139065,-0.52296495912407,0.395933856511608,0.776760462753174,0.902607290893827,0.835730242448626,-0.0445101755592025,0.783246071691597,0.524400659139431,-0.563050435184834,0.380519971177581,0.111047920640018,-0.291485763349692,-0.878188407411077,0.858104454894993,0.120073320592044,0.973547550177345,-0.614368904231471,-0.172054814395474,-0.0190050106013757,-0.399363493454251,-0.043040813306735,-0.160789187237706,0.504922821896732,-0.284257401178032,-0.0964243793004807,-0.432184156085717,0.960632368397327,0.549709125332984,0.387066698724894,0.523355926635749,-0.100402350726893,0.931229734277551,-0.752689233189067,-0.088431143103398,-0.94179506187511,-0.4188578886402,-0.743368262477797,-0.956117872217188,0.881938867402084,-0.107245261783548,0.732654338232935,-0.87478044327105,0.829609106665183,-0.0816274487315042,-0.532735322366759,-0.918216953864335,0.270988632986061,0.535380256928244,0.678778348318502,-0.822317766143716,-0.383445094512973,0.408689620567111,-0.0736292899002255,-0.772677098992831,0.927786796670983,-0.240252390453706,-0.127866540694687,0.338776244345538,-0.423667052158599,-0.786876888072416,-0.360827207532706,0.594987127363261,-0.50539350180277,-0.945862602527111,0.408718697330842,0.918742998250487,0.221579292578282,-0.124982518306835,-0.216928133971433,0.018007907438286,0.89110119096832,0.0114467734748025,0.438853038024715,-0.557268778636433,0.0860875413341979,0.0171300715867421,-0.450291627281681,0.614416162058013,-0.605374893111349,-0.251577376796656,-0.69863806960479,-0.342854474732618,-0.267249635216019,-0.525040176826651,-0.465154606533981,0.0410720350873834,-0.820246982328739,-0.982798553711498,0.346168034353495,-0.602166083455741,0.679822537508704,0.431711443150341,-0.745567470938286,0.0915490004633202,-0.906703275605735,-0.57794469871738,-0.130750567722755,0.763266955070737,-0.434223200165206,0.624359184476924,-0.442824937843558,-0.354133447673454,-0.682333902318448,-0.86485887058369,-0.437162265486312,-0.643484941563661,-0.21639710845182,0.170879694952919,-0.572576890259457,0.393815809813771,-0.603253653759392,0.20281961977045,0.645334263188322,-0.264723157341896,0.135799790198027,0.609988438703596,0.605340872090001,-0.370571456751357,0.817229586657527,0.802387969154817,-0.93406868828236,0.0666091576586623,0.7707478590395,-0.220614364244881,0.0691632980749609,0.937369646950079,0.248438426281088,-0.990967853594295,-0.869179179221446,0.0908448872605472,0.718740974458446,-0.397543483999376,-0.387914967663582,-0.156678167887548,0.461538769806223,0.709771330666615,-0.97795696294266,0.614180233775661,0.456455508620032,0.995010977279845,0.824892602549446,-0.433917864707269,0.529519575988071,0.187615618927518,0.975331830439085,-0.175942454010708,-0.728967692920453,0.465514813736005,0.0815496833576895,-0.14400478065555,0.300701962546338,-0.558984354014754,0.253054287067195,0.842680299140192,-0.053308675752367,0.459548533146886,0.121870956603607,0.945526800831108,0.634083484952221,-0.796375576356967,0.53100180131192,0.00718582926920061,-0.344862358121483,-0.461964739410087,0.446277418605719,-0.208165945401952,0.597895727219167,0.562375999726597,0.146741452318411,-0.0182483368598674,-0.818916195583049,0.0348793247908308,0.0493021771230666,-0.770627857039686,0.931337290989179,-0.298260479891905,0.303899622423376,0.95745054411479,-0.444821227301711,-0.896969688203396,0.00120775384239599,0.539685549251578,0.96598694204432,0.012485114480575,-0.813062594312696,0.359721501458508,-0.91105653900022,-0.16334908805377,-0.634646159366658,-0.704799530878552,-0.819589017090189,0.129525927672827,-0.290345308753165,-0.120743358525621,-0.72873837739113,-0.533083202981798,-0.44699865587373,0.153424622205767,-0.167622813430222,0.269037804230475,-0.47375214561346,0.0684417303160365,-0.696234341407967,-0.774224071425275,-0.109938546531958,0.539711830331232,0.717469652525946,0.304752702835082,0.279060450082533,-0.876486374296634,0.952361439772273,0.851291940989347,0.445560023766617,0.635585620598848,-0.791705096904444,-0.284006653358008,0.988422106429013,-0.660235746768115,0.810263048504128,0.549608560595358,0.211672154523406,-0.53414029079568,-0.712764235447667,0.580273569915855,0.60114591385775,-0.599256907618142,-0.815273107642438,-0.0216488614161794,-0.193634876952105,-0.532697000126359,0.713922635553055,0.165214162683723,0.670474949945497,-0.298622885604724,-0.52867415126713,-0.123428994332845,-0.715974431407852,-0.919694390815536,0.644582064451001,0.327637482797388,0.519080354952223,0.549910216470065,0.675189847124756,-0.635962050374424,0.423039725511801,0.420071515360677,-0.977412579234484,0.890068331348079,0.462875138972524,-0.7773197342058,0.301502550285613,0.3937785967852,0.688237174373682,-0.210480307967965,-0.64932484237193,-0.584280442310559,-0.678310501393683,0.711300623639719,0.29310347418347,0.552797906144629,0.316992057628029,-0.03896019917478,0.279888292627854,-0.584452489736615,0.673428008310314,-0.770700087980625,-0.330071378966672,-0.397840598357751,-0.225574505133577,0.867426566098949,0.550849600975924,0.177105083667007,-0.232441259913311,-0.124294453314914,0.880058809952166,0.0917373531367829,0.743537740478951,0.671544360036842,0.0976672083932044,-0.526861868029873,-0.917152587610591,0.241668965107035,-0.362646102552782,-0.594287245892667,0.437780024956454,-0.0245375118676484,0.420285427436268,0.500546529591678,-0.608300253503901,-0.221038571347775,-0.124889746896551,-0.75232055100976,0.974511723980534,0.18917995066154,-0.0188803328821235,0.210030019687351,-0.710893805712419,0.200825268881491,0.237335117522423,-0.137455748004647,-0.247819870514708,0.573213299239041,0.836330544956749,-0.0882965351255916,0.209087960480316,0.819005689293826,-0.789985611492974,-0.869671739795535,0.168547485814677,0.893028638645343,-0.363671656698241,0.896237274205001,-0.11731749415037,-0.240987780934947,0.133158241970793,0.75777931198956,0.250593394792809,-0.9337387999392,-0.565355748140105,0.787616031816645,0.0406484014780132,0.0604922288104218,0.109383563478626,-0.511274311721742,-0.475472532766699,-0.920581373614249,-0.133708075379146,-0.873592382236745,-0.0420019900458321,0.0438785929360651,-0.630178776802876,0.583318758933977,-0.845485287491781,0.970655791826278,-0.433179140056528,0.610971213038249,0.783419497603648,-0.887279521832658,0.949823227763984,-0.314283691907661,-0.0227936774103934,-0.225777186886313,-0.924123636066309,0.214448224997451,-0.54219014048548,-0.697702111685424,0.368892605038967,-0.697652644354885,-0.729990767653486,0.283825176033782,0.0100038701099668,-0.769300104645415,-0.884892975299693,0.652780958283007,0.0460184817126981,0.918714070280928,0.493366249445559,0.470861917077947,0.408345106189715,-0.178985855236415,0.908348778491207,0.867051461647615,0.45795380993472,0.366212917190057,-0.849629792052576,-0.424815130346832,-0.475553190383001,-0.322289787512636,0.331738494160733,-0.698675391168723,-0.661910533595709,0.765822594063653,-0.910715011067733,0.010927462366805,-0.238702700296172,-0.62552694687632,-0.842774597706768,0.668093729628538,-0.751824532297199,0.471639681990459,0.312923821406879,0.115429529113005,-0.567360146057945,0.260342287486178,0.557302725199454,-0.812768008751422,0.145721198619236,0.352455105207658,-0.475857700383069,0.133697181454009,0.0139204782005188,0.0865039709555067,-0.462813259463529,-0.21668922597123,-0.554169528034188,0.50640158801678,0.333692271127837,0.802918156350571,0.981444465571157,-0.155582899647328,0.592606431754456,-0.250517377007686,0.177284594511973,-0.193667792812877,-0.0576320883086875,0.334741119963088,-0.0684165001172008,-0.424655189048856,-0.950233224596044,-0.841055833260926,0.64687132632663,-0.074867077153421,-0.959400617417521,-0.247396536686393,0.0750849155905735,-0.38185487422082,0.349255449771681,0.192485033846814,0.356534526265217,0.286835577338358,-0.890764660352767,0.745549856643067,0.350086045883538,-0.902872364344957,0.30321177058473,-0.561123752663268,-0.207374638745428,-0.0562455824892629,0.586403972081276,0.0459678724105381,0.54382643556613,0.0454862177914178,-0.56142852891821,0.542646657708094,0.65041291334222,0.321557320959526,0.134600978315639,0.302771639277516,0.156424864634971,0.307322101725893,-0.463119264136842,0.364063673750313,0.00127022412170325,0.295490092393046,-0.626011580271773,-0.938086728336024,0.652521979105572,-0.395017367153632,-0.829838599275893,-0.821089542901807,-0.196799361142577,0.734970104542682,0.133426073277536,-0.724580598361397,0.46918201133139,-0.890661117985761,-0.340486976710213,-0.76102346661776,0.189874261410704,0.329446743916632,-0.850823539141044,-0.65665351315578,-0.785799311354188,-0.340192910691876,-0.453718347005251,0.691286309557007,-0.32986715582356,0.477658201616658,0.590425121109779,0.251774027469324,0.246615959048385,-0.44308819311477,0.0386284267516584,0.876096529093239,0.313876232154271,0.912899171239302,-0.767851716008449,-0.73648734533803,0.9931397935075,-0.79399452942372,0.272702811428237,-0.992588241034763,-0.764769574243301,0.0509431578859301,-0.855715453590848,-0.937914950256963,-0.90365039347829,0.204379583329858,-0.686513445704773,0.892827980017779,-0.185766237330155,-0.643147474769089,-0.471621984141493,0.826153785629846,0.951997885837789,0.653874948903136,-0.852006211216299,-0.26876172931166,0.787673789591402,0.870512281773549,-0.948479584458116,0.192291701040499,0.937852035536737,-0.00973162418415776,-0.987667068215567,-0.000698009644307003,0.111664482147049,0.425454610235144,-0.629355250846471,0.470255963116837,-0.315714799920676,0.116982853314868,0.265882800560776,0.0199998691383496,-0.695409008779611,0.102693169137266,-0.914098923566969,0.743672269894286,0.289990198678205,0.569392732984206,-0.751310774378511,-0.623048914683859,0.36785985665031,-0.777829583470291,0.990470780956672,0.51487524279524,0.0397844966518369,0.414643144079914,0.856083491931671,0.705913355373561,-0.782373496275182
0.615695366531156,0.292184053298848,-0.488161969486351,-0.654888102380066,0.144935603196667,0.899575372663843,0.77188765035426,0.833760267461982,0.433637496186428,0.810217499629982,-0.608397020307126,0.182157540907496,0.739354792403786,0.435889803721226,0.716674754695898,-0.431192666090533,-0.13332532093053,0.729640049301382,-0.309001039378134,-0.987458988759904,0.524734436682921,-0.57258390512834,0.521537809562233,0.204341877927058,-0.946092580654924,-0.351547754104444,0.991912404643063,0.9078606616028,-0.152477995307281,-0.921008246720675,0.924900041452898,-0.216686450039012,-0.213181622427698,-0.529975520353843,-0.243878318585096,0.742471214524766,-0.996862436859603,-0.193655659875367,0.794318847494148,0.00485784389537802,0.607560090698565,-0.335035909677256,0.0653865442285101,-0.233985422037447,-0.864906946340917,0.908992944281789,-0.595649343902974,-0.434617592369785,-0.970499404893819,0.395264789715467,0.348583715693097,-0.535068693593498,-0.723315830113805,0.641135454197453,-0.776555858094695,0.823081788272354,0.237956909159735,0.223799057056235,-0.424368251665875,0.0517415246618762,0.0494183206976464,0.725779927630254,-0.39921871923152,0.582846621244431,0.853489689128513,-0.155026479345638,-0.116985604275455,0.678734723412949,-0.486344140829808,-0.974550717301115,-0.767710087305237,0.282530992662467,0.467653147895566,-0.101421551577256,-0.878731673980922,-0.456421885235383,-0.186190703112768,-0.526205729872922,-0.152126049512643,-0.458217116973714,0.865341322447358,0.539833350544295,-0.262434992532938,0.73753025273374,0.202963146241082,0.557221722610458,-0.871816115928173,-0.891892768576312,0.911076100400251,-0.636682712244915,0.973613209323289,-0.200548691217133,0.563958537516814,0.87341326946951,-0.348523961016375,-0.0272176167423115,-0.540658046855191,0.692332083997029,0.423366092776917,0.444225164941819,0.0154046684235409,-0.632471630772304,-0.654507264927681,-0.908873921673135,-0.696204121774927,-0.815608132033174,0.635955656730048,-0.270302647623561,0.572607333223128,-0.0575325148846468,-0.75999238721923,-0.915541597960786,0.205933123121442,-0.636428067948179,0.636076069832942,-0.317649354802023,0.0354293668311689,-0.491029368658101,0.559867354210178,-0.792138171666939,0.335673152819705,0.398600874001324,0.97250390461566,-0.934719583219839,0.282642791379143,0.695175852524974,0.0350617747898491,0.368785379158914,-0.479988825283033,0.0429037067690249,-0.969591493332887,-0.0418687113290968,0.947231120182977,-0.375615006257395,-0.508351835821546,-0.773619274209621,-0.128759309041487,-0.640279478206103,-0.304648400098368,-0.0326942534919629,0.724114316378056,-0.826523788896236,-0.0981445568976188,-0.759849497573586,-0.0740553935735333,0.385675518340928,-0.544335579658649,0.909611398288071,0.744245705151835,0.255008010042757,0.19925400682647,-0.700646123780516,-0.856326074367226,-0.278033443136484,0.0571751853626642,-0.242294493529508,0.541776434720631,0.785570312223506,-0.864894614605857,0.0066286208116417,-0.702119645649011,0.498108010856951,-0.520003876870871,0.389017792982378,-0.294314271109704,0.0267007774332204,0.772615215775309,0.804901024699693,-0.185267935494631,0.690327807359613,0.918037363431186,-0.663397600215174,0.475130007807312,0.765845970648418,-0.292323985968333,0.201314608841961,0.494706015088832,-0.27707895980223,-0.369577492114558,-0.507329167765075,-0.374190923090067,-0.935156389222158,-0.325201933811519,-0.528570809694969,0.135876108474871,0.659108921359873,-0.310679292870098,0.354914307828234,0.630269438183015,0.385388122443181,0.401672757979617,-0.686181289401177,-0.791636344603199,0.178787147579667,0.977471135990161,-0.174779116886634,0.573326212047993,0.76368826914925,0.28201894489503,-0.201198299425948,-0.488593474564469,0.704242597259408,0.0227779269449391,0.657600890333235,0.975401130296455,0.716210168434645,-0.471187791741753,-0.57327993150024,0.509306284673476,-0.472135267767114,0.739939452369842,-0.771806273203416,-0.413939428101793,-0.598412716231954,0.0294013601367544,-0.159878312350986,0.673904551027517,0.278617452694341,0.482469953820064,0.414853515688947,0.0062981966844762,-0.984744476651224,0.648636734831718,-0.93285551067712,0.85118518101054,0.897429557942333,0.325667854247197,0.909987080949577,-0.516062048776265,0.691915295137004,-0.714714935581716,0.125340655195404,0.215442687287743,0.526527216279003,-0.792922137357451,-0.816333734400589,0.292862601727926,0.667266818673006,-0.967863292155966,0.579456295576078,0.658815630804362,-0.913183826776875,-0.754941399353521,0.978880815514366,0.0237346722621797,-0.865072319114629,-0.790956545532481,0.853322130026072,0.124919668687941,-0.0201203768004599,0.500219798519933,0.560441741391363,0.865453695369019,0.419910595072614,-0.29845137209732,-0.11052020651607,-0.819222554980826,0.854318241602778,-0.839051176814542,-0.171153630225601,-0.685815049355289,0.252675890079344,-0.868121506189353,-0.180205194410515,0.826696086157811,0.266399134792029,0.845383721091605,0.878593646703832,-0.380258156430633,-0.684481369464534,0.88807887810996,-0.576797844469478,-0.0715383043499684,0.831636090978029,-0.0933564970064334,0.233408003810505,-0.599248512430216,-0.649327871386149,0.431261326628251,-0.258431365687431,0.72398756463658,0.727108655767373,0.312754493326686,-0.174855918094479,-0.100620014249705,-0.246408257230681,-0.444914592924843,-0.441915290255026,0.872495762079233,0.57438238667884,-0.991911788849113,-0.398761663454418,-0.0432484597283126,-0.660955419255221,0.457640254589275,0.0672117777638431,0.700726260070916,0.646929451598937,0.847829881246691,-0.794630317131255,-0.647285433750729,0.249695444403917,0.877770714910982,-0.357841670753556,-0.139030459966765,0.016571107340126,0.386099279320952,-0.2906612830721,0.556728395947855,-0.100165916419026,0.430548657441283,-0.917519715369689,-0.933373803243659,-0.956991049466357,0.358159775208818,0.122607951199405,-0.70726553407714,0.952856140733028,-0.582154479978472,0.187671297413955,-0.25159825717411,2.67419784371198e-05,0.138240772978484,0.843454080034518,-0.793203764424141,0.782139818127168,-0.408146198118417,0.38489676273227,0.729017521741235,0.890882491696052,-0.368594874953133,0.979913794243589,-0.216292327459374,-0.473107007792875,0.371696293353724,-0.206871920885643,-0.348084467256883,-0.610910570589111,0.994903897620295,0.397568324912313,-0.826710938472798,-0.684154066277993,0.517011277567984,-0.585231629683652,-0.51786337492362,0.0904760305834733,-0.30264724760421,-0.00810263847171536,-0.547841309997713,-0.921805773154905,0.535923780129437,0.693023064710985,0.0914559098423602,-0.294524976172625,0.881745180414078,0.675072619589389,-0.695013475637753,0.739878289505798,0.526876131635234,0.06963554509228,0.613334926306452,0.906915336967824,-0.633487316130317,0.247834617065176,-0.368339567567706,-0.782161914645543,0.658742761224319,0.077575509223372,-0.457570445369613,0.69420208809184,0.251117912621403,-0.529880675935315,0.3310653704435,-0.857660849023642,-0.939817746931896,-0.19941409471746,0.0345174278881125,-0.560926128710242,0.699662885746187,0.85732559871266,-0.986940164587493,0.229883386427454,0.357703567976953,-0.797468696808913,-0.2947227576461,-0.53451344028973,-0.836762962360449,-0.28047010690302,0.807262566797475,-0.500446321399606,-0.605538730575712,0.117627289030704,0.0987033538786406,0.834653844228986,0.0407434833490164,-0.247143671676768,0.894094467989095,-0.475150720687949,0.876516207749396,-0.23989376122727,-0.770556883233067,0.572863044872227,-0.743773661965989,-0.301323610459925,0.370769248775744,-0.175266449281651,0.256705282843546,0.828912660550157,-0.262267638564654,-0.230680126426418,0.0917136201036262,-0.975685820227939,-0.363204814226558,0.895658748375277,-0.064230442167785,0.730747237002978,-0.353791832286582,0.582269892060671,0.449679595594185,-0.686918399061593,-0.539642036465668,0.555168884253068,0.130400730059001,0.123992971933552,0.341788410233215,-0.549201465918322,-0.962061488928301,-0.826800804526293,0.394627791178573,0.622443140754053,-0.189777460187862,0.697294632617144,-0.274150804099165,-0.371737861968009,-0.344018836615399,-0.54588119205842,-0.700991496810443,-0.101103495393857,0.797733053260093,0.139485039467895,0.292854402550562,-0.772054635244074,0.878486637271268,0.31104222118014,0.427001955091439,0.525751592152512,-0.0264231506076679,-0.208482058561924,0.685564772289873,-0.178661780662705,0.0253567039032237,-0.714366037789991,0.851967323065621,-0.927120502577957,0.524306300198329,-0.882189783063021,-0.508590375897286,-0.548958941855535,-0.531921980041409,-0.934261551425986,-0.463531249963296,-0.939744350165004,0.177149324002246,0.213165121789168,-0.607759773075162,-0.0472560791610216,-0.276060976162214,-0.537832809989792,0.413973497646042,0.0103903466749252,-0.988619768474549,0.684322357255069,0.336388580375887,0.880085534079978,0.731800403986628,0.906537372979334,0.746742523977906,-0.527940137161552,0.980837504039249,0.36691200446333,0.662270995436217,0.372928224789297,-0.599623174614476,0.818336374600444,0.226662173635689,0.134871983845079,0.969655455725607,-0.82909099224757,0.463343851259612,0.668035917074923,-0.748972244597926,0.560833238628749,0.991829235280166,-0.730131236452731,-0.456286947786894,-0.740581510304554,0.328130686064086,-0.964930386626259,-0.338094925239076,0.981372452998822,-0.0709821749304109,-0.364832921161722,0.121840916213337,-0.0176757472251082,0.560194233727137,0.126616056300686,-0.243823885273245,0.867866352645023,-0.674573006462597,-0.399246133873178,0.655625377588921,0.221458699758943,-0.234145349257586,-0.688695776551604,-0.419909150588715,-0.329287319361004,-0.470782210987757,-0.844307519028851,-0.0114274353955323,-0.298015245113471,-0.434143107527578,-0.198381943736102,0.714424341655063,-0.0396667036820242,-0.641109538790054,0.0685496402299079,0.886371703209051,0.721474401415652,-0.229076306261681,-0.956947240864463,0.646831733780271,0.348132940135319,-0.712352191247738,-0.252574824328414,-0.199979008632771,-0.352288124857885,0.3236572943522,0.714170259915372,0.546782024972959,-0.296650807987566,-0.745490746331952,0.24606129543865,0.0660108315515891,0.0698154750939907,-0.758702910548406,0.249579826171912,-0.229153404582662,-0.00471150779346743,0.0231742911977438,-0.617756422817271,0.979101065503886,0.436977646960449,0.340762277895403,0.654543815268787,0.765713023719481,0.653264483658255,-0.751948392336284,0.181245424779127,0.506440168747659,-0.517803289746284,-0.533236989105174,0.453324550261836,-0.809617162192807,-0.738010227880918,-0.261731055654661,-0.625187082086846,-0.899947754665185,-0.0822080345815087,0.548926917287576,0.18381106847719,-0.0397452857468877,0.0244368299075587,-0.586453177582575,-0.326403134710671,0.683021234289874,0.725745873692051,-0.672870815368361,0.420855786223527,0.124274851210649,-0.132651713017558,-0.482188341773056,-0.0309971085187974,-0.531652884148847,0.729670417111701,-0.759270633460524,-0.157620379602544,-0.879516818667151,0.967563465935107,0.0623324416288585,0.939369725898883,-0.0367829609964841,-0.318002419457659,0.790303714398714,-0.348629681281227,0.2608635301244,-0.516850356631205,-0.484529204703707,-0.896452955283628,0.0337666699133941,0.610873918502633,-0.170549793046617,0.470923554295283,-0.424640415449437,-0.2356285654602,0.740687893776449,0.110269513896097,0.471042310784706,0.913102366011346,-0.525389374971528,0.275988416060906,0.871039708161298,0.37042261017966,0.56414820080112,-0.475676387505282,-0.0854950153076922,0.0212642381666303,0.832405007397522,0.311650339579404,-0.512073861157695,-0.117058388400759,0.306120135980822,-0.458789576148603,0.743097409700419,-0.204964058547147,-0.297318851929459,-0.507208304706421,0.470815981251873,0.972096567581471,-0.326904855864527,0.779591511472753,0.342017807910381,0.125893910057218,0.709194547519857,-0.066196571567216,0.131731327275103,-0.543451558847455,-0.21805518239736,0.729735642819229,0.938286269431973,0.197535173313245,0.527179147588637,-0.0642408895221418,-0.0953780445224594,-0.015411530556945,0.363401124351949,0.00764458887852439,0.212165761451892,-0.475418351218825,0.986319905846361,-0.320765575559294,-0.972803797485627,0.684469161535412,-0.0144776023982462,-0.376780084387562,0.673861740426838,-0.916511768655131,-0.654519970010471,-0.608824735088656,0.00777414848430655,-0.338421367946275,-0.798180011457265,-0.370094318883192,-0.315515006916515,-0.07123714289194,-0.00603194723541675,0.709873051108369,0.0728782326398567,0.517305400441261,0.637282525489453,-0.556617502125543,-0.862229555116582,-0.452044111251689,0.175343187022219,0.155575065756594,0.644568852812247,-0.568973435202589,0.501225443326113,0.784140258172652,0.517028445756183,-0.156333490740071,-0.761545020444482,-0.0479950067264769,-0.364163653853923,0.671601719676735,0.00454064773145347,0.566739945622824,0.922812927843652,0.36208792750607,-0.223226889302908,0.356708803438722,-0.37259281179622,0.00921636166935015,-0.574436928238772,-0.948007243479554,-0.860848413583641,0.277211310193889,-0.574804497870409,-0.830093959601421,-0.0324749227019141,0.73015045788658,0.187679148112849,-0.558353158413938,-0.838159994884128,0.334521314539828,0.267708462408077,0.483202323141276,-0.256783614398528,0.418080426562023,-0.808542637216388,0.521079599193829,0.0811034691361073,-0.540477933062444,0.290709125747884,-0.653830543404497,0.321558909886646,0.296920088530986,-0.57263766373977,0.47193080800663,0.118242210635297,0.583997627464143,-0.309958967548411,0.757935894966347,-0.27884368572879,-0.349253452740036,0.0443493279228232,0.0862279173892356,0.299627909215248,0.275010694255347,-0.0651493081480638,0.242015026433113,-0.516480172514766,0.763821894822306,0.0218237956729604,-0.147384721954326,0.207400772626504,0.825648570446424,-0.984478419146076,-0.148959115357057,0.472156025991947,-0.43061200392091,-0.66363617521293,-0.0659998164714327,-0.596955391325635,0.21644131572642,0.896234784142236,0.83683717528504,0.742988509062923,-0.187693332174315,-0.571623432402529,-0.713292290985862,-0.81715950691785,0.892237333219091,0.0294118595983538,0.0197277575722542,0.936656250213451,-0.356746470659026,0.111594160122928,-0.466886899874987,0.234228960115898,0.313532354268045,-0.635341886192736,0.409614635131434,-0.809815295338895,-0.107036187872934,0.325845615104387,-0.656534286440078,-0.416910414756107,0.25205513536123,0.734057535684215,-0.224535033075235,0.441650647976682,-0.728787293400183,0.309292978100757,-0.82268925748645,-0.229751810364017,-0.975974999829956,0.416677564314015,-0.253046107527715,0.588290319080972,-0.109449348764888,0.782171340322043,0.644673142611465,-0.417903788332006,0.028049862582029,-0.788933987479141,-0.587583872517483,0.610370678949801,0.190752891943796,-0.358050259979431,0.302163952010197,0.995133983747394,-0.101896957888328,-0.596155709613987,-0.574890195195385,0.0407732993455772,-0.00635073728582666,-0.0449519464402559,0.0343692508347756,-0.986584148811493,-0.602527149025311,0.916605239350891,0.00984048016820667,0.981077093728699,-0.623319200523763,0.109538921709953,0.182464034544623,-0.0277130660040829,-0.883563831502012,-0.00525383459338102,-0.309657512104489,0.837166568272107,-0.655435487185636,0.967715767732785,0.0581648985742362,0.603549200849917,-0.315433930439767,-0.786392953208115,0.877415796266102,-0.645969361197365,0.920414361955419,0.815523406165497,-0.0622840045803777,-0.270441985651531,-0.99434593246362,-0.69372549337266,-0.0811800873999295,-0.172375725114112,0.23203329481923,0.576186934553647,0.842138540449001,0.909601791666829,-0.278859909510737,0.866422773422825,-0.663447642992745,0.634537297111262,-0.497936889918621,0.159697374233985,0.808682891506476,-0.931168218234406,-0.541662633068448,0.9769391618548,-0.359865071416641,-0.410054254546033,0.279538613597926,0.523453866618321,0.769384562436982,-0.0313349148753562,-0.654663281378372,-0.247050973984492,-0.33653673970924,0.518171629053287,0.254993834909738,0.859484700160129,-0.188950717904246,-0.495063645934636,0.366768262721871,-0.184634227510854,0.554747204623676,0.499173940849932,-0.531682222907196,0.779715652598424,0.0756545219539585,0.836544517493966,-0.593833998236024,-0.14932861305518,-0.888168323592125,0.328540874639696,0.24089282582411,-0.599139084245725,0.135575115083144,-0.922432880189744,-0.715383773373446,-0.0929450884096364,-0.977735905019434,-0.629999366157584,0.105557230676068,-0.810853959140964,0.701693536587112,0.0150282893314542,-0.256781870569673,-0.0348217088141505,-0.286495918814691,-0.123491449739543,0.488410950631794,0.944727791710452,0.0121627674609108,0.126210577318154,-0.444231616606493,0.65000479129589,0.115408255717022,0.621565888370881,-0.562211677813804,0.785601376342262,-0.337220992247382,-0.419324130927335,-0.108441227160234,0.999352027133147,-0.43786590627548,0.737631810236325,-0.265813235560452,-0.0530097571889143,0.509670941874235,-0.782952198031938,0.283131689801178,0.786844349831987,-0.312679141786325,0.254663673031271,0.396288773436899,0.915135220721106,-0.0501013489561748,0.620801065855351,-0.50499813825174,-0.0447539702504115,0.181327859244661,-0.497414773034647,-0.0929984839864047,-0.395144095502176,-0.610293080943789,-0.137513062610951,-0.632218360955559,-0.756552670707279,-0.465427313214269,-0.161276907886914,0.688112456754483,0.43437884904181,0.29630645794094,0.260149273968202,-0.452130198583811,0.684008002223716,0.650532001280866,-0.0181291222111859,-0.30514877962116,0.737246826233234,-0.388828074840549,0.534887385652715,0.759126315259318,0.809277131696781,0.908866002499395,0.487076683692682,0.0528129590783949,0.965718527705759,-0.844306047064995,-0.456665677119754,-0.456900187716502,0.341303099803295,-0.34885644259695,-0.367352746597389,-0.0631470492345955,0.664084556450522,-0.275749314219046,0.968999370906474,-0.931601854394625,0.800483636985491,-0.411755032883664,0.814301514559504,0.900472583715122,-0.419384462867358,-0.701596399602179,0.788014827277874,0.171525258594762,0.112446750393416,-0.112811874052081,-0.594749280793735,0.198742121519622,-0.976094193937925,0.594940654002083,0.70047017631454,-0.859965218456741,0.708940415869965,0.834007735542615,0.198317472506434,-0.502445102008903,-0.170448026957953,-0.463143421035742,-0.0892792654711877,0.576680958286709,0.166434862108779,0.566383884554669,0.441142977638315,0.238967935115148,0.153212265199438,-0.043172268427511,-0.0924541882053494,-0.178220372366704,0.0365368560099493,0.851612121485427,0.185658640110537,0.475863500929979,0.489319588091383,0.00652644700417065,-0.997824455075534,-0.965700922134017,0.76268190490012,0.0542969248056907,-0.351464925664395,-0.988903928682573,0.448945614268955,8.01909757270107e-05,-0.397415956702649,-0.641581851160956,-0.559063460895808,0.491793933823605,-0.0245150624859418,-0.597753380434676,0.584411210792778,-0.393993308780376,0.376582973794997,0.292598358512524,-0.338608633996471,-0.976858545991713,-0.936164148581064,-0.304209405216122,-0.976416020865102,-0.388520685865854,-0.708443993413453,0.738407394656003,-0.357195066375459,0.504033309486636,0.621587571001728,-0.892467352704617,-0.0599475670240482,0.325168211224838,-0.749805626982935,0.610847740805895,-0.359545286429874,-0.699423610300231,-0.790780584786367,0.196046815267885,0.951722642368742,-0.414721885245235,0.0863846442516245,0.114847428412039,0.311779330807736,-0.526629775296354,0.392176571434347,0.864695441298528,0.676738579306246,-0.550018747679361,-0.346604103810639,0.748824516251107,-0.373331359558588,0.35391990769917,0.316124590707664,0.689816260318324,-0.441307401011897,-0.521498402572965,-0.0616591067582191,0.202556401905401,-0.357933549304669,0.916247704117349,-0.645903528439409,0.805954271671685,-0.175306631133314,0.549699141535034,0.558505481810359,0.954683555697994,0.59874015130369,-0.713093288706837,-0.789997320675882,-0.939062743257319,0.904354444376216,0.251292478478296,-0.876669883837337,0.744620734803207,-0.747410260823956,0.58288714126922,-0.591606747805941,-0.0185289508729928,-0.365931311251295,-0.0680201506193436,0.142664156932185,-0.971576455419868,0.446574232411632,0.535816519348992,0.929264165154428,-0.0855162442575956,0.724490131457956,-0.073859813418957,-0.273669028707103,0.0220429207551076,0.543324057159699,-0.281390352049491,0.44621072457222,0.474561996711284,-0.875836461587095,0.128720571357641,-0.586946978535802,-0.886587873135138,-0.957261138453202,0.451384365711969,0.105850197902062,0.862906692119293,-0.23353985526244,-0.641068677958186,-0.464143869991463,0.182202114271885,0.070857871090786,-0.809364601389666,0.0931426591462494,0.690553871637914,0.998762140892121,-0.825521474225429,0.839892579489241,-0.753631379319765,0.6654550881623,0.176693247507696,0.353625107909116,0.951209383673402,0.554588465678787,0.13778088891263,-0.815990361428494,-0.613240790381574,-0.587562238628305,0.772156130643775,-0.16722204674348,-0.756803326108073,0.68627287633876,-0.55543499487671,0.559528811026665,0.206546253191278,-0.470804107278913,-0.737544325639424,-0.497793840442118,-0.8407070762368,0.325471081850376,0.933044628223843,0.273004005590152,0.0333828025974212,-0.322162770187113,-0.371899108949698,0.469205443939722,-0.338314069258069,-0.935148692080909,0.780113512639925,0.0258229344586801,-0.438454813963281,-0.321371590421765,-0.361096934928321,0.331667449949909,-0.901766527109379,-0.477507044010379,0.681813839345031,0.272375782652296,-0.917659728064156,0.40635439687681,0.63277412145927,-0.628806156358364,-0.115409034014022,-0.387820490356351,0.195581865204014,0.117292117745518,0.453439260507971,-0.651035464377126,-0.388291357289193,-0.287815409143016,-0.164271260068599,0.133237272825002,0.125510096362755,0.365472747221769,0.645392493247355,-0.670179518710769,-0.639711140399019,-0.480653826568426,0.0296482627723918,0.391916139661448,-0.288282948493329,0.924798383981087,-0.351895341296247,-0.474109006517233,0.302054619625031,-0.609417606206293,-0.261202675796944,-0.984061584291427,-0.149050990511747,0.124475359814041,-0.716578862561736,0.8821110100496,-0.0133580843427651,0.877902534391958,-0.943018061951231,-0.324349246319612,0.307929773086411,-0.955013629098484,-0.556768884422938,-0.990513660143134,0.264924792092165,0.204226023005781,-0.893564805723768,-0.719694728871584,0.156014369912977,-0.679252318393456,-0.826858696549912,-0.036860486433715,-0.0459228865481907,0.791558549785524,-0.897292526361472,0.689878538046395,-0.4934144195367,-0.481439534129242,-0.564032662299215
