0.576759239090617,0.305662970439509,0.053264746668244,0.444435921294921,-0.156366255119585,-0.1106651834409,-0.12811290317612,-0.600166357357302,0.794058026538302,-0.531639814708063,-0.716412824035637,-0.0862227398248769,0.682833390059401,0.162615247395342,0.45800825581386,0.11922555599231,0.984378410574165,0.459290192129196,0.298154696852023,0.698302088549987,-0.782330917639741,0.919092882293703,0.363258457913611,-0.870765662102603,0.237748682393877,-0.604930979517984,0.258438595787334,0.752997262874266,0.987649118474088,0.390543445286312,-0.419831910972238,-0.798817619750369,0.244715964865645,0.402344047457304,0.696786739325896,0.975105578289676,0.295908435237956,-0.706480448841029,0.0516923184427696,0.912243402725621,0.347195069497277,0.72528271369415,0.0196343764361335,0.624661678258263,-0.906068978472355,-0.721981529424529,0.648049946693132,0.852161705800896,0.160002834885233,0.208420827739013,-0.857811825220488,0.354356556688197,0.955210417934916,0.573731341384738,-0.791348979775688,0.183267356934321,0.641673718008548,-0.025290669292613,0.578833365333738,-0.432531795565998,-0.802127066442951,0.12895424699324,0.606431126439577,0.61331551427914,0.616632405027828,0.0447925564998784,-0.400733677700511,-0.0645509122848666,-0.520956276154818,-0.37158189738192,-0.0394351019407651,-0.757598763862892,0.367602380038953,-0.430584133201414,-0.471005884868474,-0.51869762115727,-0.820691065097426,-0.33098392953051,0.114566761163916,-0.268426857972918,-0.724160503364434,-0.770749486439756,-0.975616817306688,-0.00455894021587123,-0.10653086042809,0.630925282394236,-0.702777901124123,-0.36209380460977,0.683541427205572,0.495785912865077,-0.271403591942055,0.460120799271013,0.624474859342433,-0.258859321879854,0.837935988458862,-0.759376502897549,0.083421018649104,-0.559262345368013,-0.553332101010781,0.173700681637466,0.496408063316184,-0.367373287792149,-0.913700778502896,0.330565303161043,0.677281160408988,0.426387983010014,-0.23651856734533,0.434852631552385,0.0177612995682551,0.893322200013515,-0.214919908800903,0.557720003474423,-0.943065944391543,0.404888616263976,-0.130367534802111,0.190608662878691,-0.203221919683425,0.679500524408198,-0.113692915258753,0.471950473725054,0.961597179115987,-0.654486958790536,0.444575411819842,0.438609436553677,-0.608118287454989,0.716461710959083,-0.35252198050609,-0.271597606150056,-0.0740320735655586,-0.471558577773515,0.821262990043173,-0.534152816196121,0.744784933239929,-0.884886844615589,-0.76913267098622,0.175349711155682,0.779289351581288,0.559109389367651,0.383583408800144,0.301348155456799,-0.310839468997133,-0.226208486155608,-0.023060034344038,-0.644820583779222,-0.834360141599787,-0.63006082835896,0.766426413533495,0.356436137891579,0.772161171510718,0.164096460998342,0.512284191049088,-0.375981275182405,-0.72138721934928,0.951450743970602,-0.312053002119832,-0.810215770147978,-0.642218206868299,-0.68645570909786,0.704865692250897,-0.74587566673583,-0.036648713724395,-0.360413120941305,-0.234946309604139,-0.343300998785221,-0.0850610343751022,-0.533884211100834,-0.720914232273512,0.0772349928422524,0.409766460342139,0.951159929554884,-0.227658322242563,0.175239661753626,-0.928563222303821,-0.160467801634539,-0.781354095559766,0.950256305286828,-0.135324904463719,0.866811102237307,0.655566893156774,0.447223460948583,-1.00019785067526,0.513589449880104,0.630887032541872,0.523711436920954,0.413470412414932,0.358841381370028,-0.0188362670030427,0.441113981153048,0.344136427318584,-0.705276527795242,-0.191670117593037,0.371788650066782,-0.397613912551507,-0.489534778570214,-0.150152081313123,-0.660612860530207,-0.191997002681887,0.640212959524512,0.838345542770101,-0.996341491291548,-0.0260069079716062,0.232973381116079,0.784019940703409,0.442997023469479,-0.251229246610629,0.42836186146331,0.0681943051713912,0.698365621864726,0.66289080471149,-0.59385828233027,0.887122842820665,0.159166529075925,-0.286888870068494,-0.299848588581351,0.454108702954466,-0.989242356952473,-0.758413523817389,0.493265308956436,-0.517791754039254,-0.177762692451802,0.986127205210501,0.677462320553877,-0.516717563663192,-0.627811395393866,0.417201811670406,0.672917015567045,-0.0541180461522158,0.226745241688501,0.298401223620284,-0.260023548557279,-0.00742990078957628,0.964597285643298,0.162709184447055,0.490558723426108,0.205752849783841,-0.307948894251528,-0.341116173655617,-0.356626783245051,0.296334554558534,-0.15122986573179,0.680240495355296,-0.487311293711117,-0.626532045967387,0.0936400017857693,0.423378184583455,-0.7440400016005,0.593860885504306,-0.40828824026604,0.718697275696993,0.0136382949432138,-0.776448655357411,-0.761764802027687,0.640497424874326,-0.360980338243981,-0.23327663705962,0.289268442369733,-0.612888227455588,-0.97051447618755,-0.366108748664295,0.144369399436372,0.714976598541366,-0.0203201826669216,-0.327303350968763,-0.811025453846059,-0.600780583835849,-0.70078320256715,0.184245707832081,0.26945400008346,-0.00505379108234405,0.16952179842636,0.756198631219169,-0.567647177248688,0.716691662164138,-0.792182886387872,0.223095912375506,0.692540717036143,0.260079657889968,-0.41982398717411,0.658097670013171,0.325744428320629,-0.397988213846519,-0.113076645035125,0.613761117529685,0.936821428180912,-0.211070518438661,-0.0891400540272824,-0.657071337054784,0.364231502182321,0.798909379304728,-0.997161167191442,-0.704112010879874,-0.177620615401133,0.99054231740246,0.5771766045933,0.498481732608171,-0.347978619772827,-0.631190470023546,0.595639494520162,0.922965091459569,-0.638850248934102,-0.353718261853682,-0.188572960822347,0.0776979980410968,-0.778640432043792,-0.847911603010963,-0.436620212464969,-0.625092945383703,-0.683390502836249,0.259764202444804,-0.494200410032329,-0.340683521150426,-0.645577401771003,0.945000809545324,-0.992922173865946,-0.235605734704733,-0.816527758976987,-0.489782783407702,-0.138462767386239,-0.150534522486078,-0.951754974594169,-0.259744413786105,0.27688601395824,0.569052426516932,-0.232036514594435,0.00630413015865408,0.897125435660009,0.943919329495643,-0.0394870678084897,0.976112752915894,0.361453219099456,0.837679552308448,0.319098624945904,0.385118502327098,-0.116491706320949,0.310472391474539,0.809241204478918,-0.239954900133035,0.578952712744364,0.00259127063140943,0.553161516133947,-0.19163779890014,-0.181215748528098,-0.988011217685546,-0.679632744428483,0.448942675833336,-0.660772897500332,-0.385082344478932,0.920937694978248,0.342499726952753,-0.394433201500641,0.363094889395446,0.802503606219826,-0.273895512700777,-0.332926247570465,0.813551248392464,0.656528639904004,-0.990451854287439,0.0441591370394029,0.0382795922346244,0.133036867642251,0.0410881964236208,-0.675361727260648,-0.551472789057605,0.507949694024768,0.688347115889191,0.253434425750283,-0.683101416950286,-0.795712308246387,-0.0523034480464681,0.755794304725029,0.136040720981598,0.0351821772237943,-0.312314543840146,0.50497643787319,-0.306069977561108,-0.216816276655343,-0.674491470142459,-0.835630618452977,-0.250971095063152,0.104757073662548,0.680118593012688,-0.342364876930386,0.956432137156714,0.910638194781069,-0.240552320731972,0.921935336763919,0.980412506263928,-0.0542203103689431,0.582201226474719,-0.686837285084809,0.660749943244512,-0.00904338814912306,0.699171975202319,-0.681998869935494,-0.723780346566815,-0.562001666556794,-0.331930343460815,0.350183294654943,-0.533865539483341,0.45816852962853,0.222939750670657,-0.456988785878594,0.85125591822119,-0.144705619725267,-0.770938415143976,-0.459042541176509,0.418728846838435,-0.186850761955061,-0.609861019746153,-0.425354953056324,0.807504645292794,0.249992032868002,0.624350312207723,0.156657093829137,0.955616368615784,0.27414882175932,-0.448963891508678,-0.36033157837398,-0.570798650049338,-0.378287450162952,-0.527728062476132,-0.914238383151069,-0.450020217600819,-0.466599598249781,-0.202203959898481,-0.603910598403185,-0.243953399515754,-0.161560245354135,-0.16062395660866,0.284792097302524,-0.728352335207686,0.145475994032118,0.47051591246416,0.678884285312068,0.00182283864168914,-0.690181386311615,0.207084816934895,0.71610530689011,-0.281920705916101,0.796303887615134,-0.744688234328577,0.389408959014973,0.537416372018469,0.44415105960526,0.377448163606529,0.269828045699438,0.472089601700251,-0.886927998392758,0.716200174008008,0.55033773309586,-0.680861558046755,0.99053282831837,0.206322923375094,-0.101757661498179,-0.473159888514667,0.585853463398408,0.569081436878592,-0.419301935170974,-0.0992192409731693,0.06653340534888,-0.63796181464078,-0.355138678418658,0.426824842055318,0.433924117019052,0.569967824745213,0.650387380858865,0.32462852752085,-0.228296104302452,-0.448856108911545,-0.704110536608059,0.845257262076265,-0.526132030053377,0.0554565042063993,0.878461571215137,-0.112376046203761,0.203637035046196,0.949353331959974,-0.817926543324081,0.464121499563913,-0.110716632962687,-0.639747745109742,0.975266966937429,-0.788612922134642,0.926700662059089,-0.614890634881336,-0.297573115664707,-0.507997162542642,-0.987421630076778,0.0196733931565871,0.835610202224823,0.728877566678747,-0.836187086137823,-0.520021422869023,-0.567393252937533,0.408420287237878,0.851521986867957,0.00629267448693802,0.123443741926721,0.959685218621532,0.180142626513338,-0.976988281729939,-0.0766556150278086,-0.440656387848873,0.716059948179361,0.181293705438503,0.525523183474556,0.119096987457829,0.352533612792531,-0.251630966958957,-0.626382324451401,0.485717696288214,0.929905788339307,-0.428519203618166,-0.658683760425723,-0.754340202934725,-0.0467996229680257,0.326131506825339,-0.76675203236875,-0.22964136503193,0.680543005378382,-0.774676533338171,-0.304299026904353,-0.371038003835826,-0.752566329372738,0.516133949122909,0.309576434096252,0.822190104335853,-0.0987513351178982,0.796649718400636,0.40729865494641,0.504907384777427,-0.483152146261754,-0.399533343747095,-0.566992211327422,-0.803881496029257,0.00574206458561188,0.395010206128428,0.560956661135791,0.500212554316376,0.728568247258497,-0.981382232401048,-0.0984137357426079,-0.0139248979861763,-0.693586431824393,-0.293968670299596,0.753890983631419,-0.809348870163175,0.348739431808236,-0.26957216959164,0.220712912053092,-0.584364324499125,0.323993687981546,0.678275340094695,0.520517331860953,0.502320562119232,0.331093547917147,0.968786074467283,0.564658960808589,-0.991998280307099,-0.822292212143428,0.720085568475418,0.938116544428454,-0.213357734818268,0.144745607721345,-0.0981029230284939,0.617386222661951,0.203114296485972,-0.216378536923213,0.573261242340173,-0.141485539716921,-0.851725697163137,-0.679868880370003,-0.710836173551458,0.71946012879192,-0.166093338378267,0.375529746187421,0.657575750890895,-0.990221245480729,-0.69772844686957,-0.789244218211546,0.200472976185453,0.375326015706262,-0.602145150925501,0.782483646313442,-0.479237724943787,0.918944720225747,0.616779134918087,0.0657127338666249,-0.200122537194894,-0.0138427244234929,-0.857011424369877,0.419521229444377,0.780916478214065,0.0401515680930761,0.180392445546214,-0.0560174375856909,-0.562700558894021,-0.439692240817927,-0.346736578089516,-0.598837894455449,-0.438154266250169,0.417350772016367,0.30599892975823,-0.362035177162375,-0.417109776018392,0.483325572537535,-0.471647510937216,-0.380936927353761,0.586166069653905,-0.266004577572704,0.423887472966036,-0.719704841764706,-0.101600905156367,-0.224377827909293,0.917527194446985,-0.0451581655787777,0.48826064378866,0.951854789355202,0.787952232753204,0.358357706559838,-0.232829536696279,0.717193301058402,-0.032405833268509,-0.192986659239644,0.410094498486639,-0.043903402463025,0.486222064470448,-0.861776071137892,-0.183247414880194,-0.256968972654828,0.9242022180998,-0.743447199711964,-0.348074363009938,0.132772835224652,0.84234400243638,0.161158107841962,0.998788991617749,0.305135616753191,-0.658486443213216,0.517247600236765,0.312269815118968,-0.133908620263092,0.312804047650307,0.285386466958233,-0.540724791642411,0.91447635005323,-0.277051280865485,-0.123888384234247,-0.292936042472289,-0.492237684194199,-0.55666714008954,0.387339959832871,0.330466345015526,0.0691792159451923,-0.443147809374567,0.842982233347884,0.51684087580588,0.873906795720842,-0.00183165057744691,-0.40611282955787,-0.376193549147425,-0.208645506692311,0.812477369094431,0.196276669347325,-0.632001908645713,-0.00225577854238725,0.33223871388666,-0.198784366214414,-0.733662150662228,0.984661347558451,0.293899956326508,0.161822793931994,0.639921925051022,0.315900946295411,-0.0460500057296759,-0.210190897068786,0.721425702168291,0.975373459989144,-0.938781846545785,0.487183204313478,0.0851903014462175,-0.554387809854581,0.854792365221097,-0.466065925057219,0.84784084626825,0.888720607840977,0.469111082255942,-0.110225698862139,-0.542301763480867,-0.473588939297318,-0.242132144945113,-0.549759865916828,-0.51290173630452,-0.0668900764935905,-0.438868403326368,0.817252208446029,0.0382916658689635,-0.816839966773222,-0.458286341169682,-0.8699071644633,-0.976237915803393,-0.137215821741906,-0.243491655992127,0.523877695787881,0.705407855593653,-0.899853139218015,0.631828689893259,0.66891301570276,0.112929222255699,0.551868010431042,-0.371787336406528,-0.575025868613126,0.836158775565809,-0.833843219499652,0.576584668740314,0.879583904277316,-0.0367540430548669,-0.51484877192146,-0.611194660588895,0.505099560236601,-0.466580191736885,-0.657021677241838,0.772523582933425,-0.715743160012745,-0.567163875282328,0.727882614621566,-0.463968812273257,0.39376564050035,-0.523690823893476,0.619897078229096,0.439390599616696,-0.996325425275336,0.572105341402167,0.986815182910724,-0.251583479142642,-0.950728964749692,-0.413593069134326,-0.0884591073522104,0.721445872862401,0.913214956928668,-0.130234745978422,0.0954224985795874,0.601485910136912,-0.882883278969344,0.422476751709927,0.291748765119334,-0.082277933820737,0.55836641733185,-0.372534144476768,0.819539419290773,-0.137540974822896,-0.564014975317328,-0.621591539832486,0.197962162378534,0.878367486164018,0.367202348243289,-0.552877685096904,0.556532394544269,0.199632909534684,0.949081882466946,0.896975192598541,-0.777219104552183,-0.0807326768704627,0.885560293423387,-0.3509815657535,-0.0241821332840707,0.0349224126483787,-0.308278810792835,-0.939691663004195,-0.729030469011238,0.838787220207108,-0.040608106149074,0.507675942779566,-0.992916346460974,-0.203144875514572,0.148795255937807,0.238377797294053,-0.113616341503694,-0.385422628247079,0.488715491126319,-0.511691671093014,-0.155363357908849,-0.615308886325572,0.85292591566206,-0.351144605478141,-0.545856249270753,0.0760922065675626,0.692345197063772,-0.68844130903707,-0.699991506122884,-0.602910234094707,0.767064762483084,-0.644194606953824,0.448785400938886,-0.395504059911677,-0.901382849351287,0.135459141067321,-0.371387348536239,0.750329769152572,0.844069447887722,-0.656707218092562,-0.047318417773622,0.555288676529575,0.991714870210468,0.278547603543354,0.783074646131893,-0.383314573941228,0.230614729953082,-0.365941161519591,-0.14505851416627,0.673883383462867,-0.390565642793288,-0.674696083344826,-0.962513881543445,-0.0114535528278971,0.182753991510873,0.734983112335412,-0.58874369072388,-0.824313454795124,-0.665483443677725,0.995375275142496,-0.648814299404713,-0.102859842339377,0.0995127182676586,0.772682514131071,-0.98873834997993,0.582382223487038,0.969024766207801,0.347267425000133,-0.540757740289789,-0.334968788907718,0.176832408338502,-0.168512509394476,-0.88054864245435,-0.214877683917125,-0.375190013462909,-0.813352267997222,-0.0038347803047911,0.167412174747253,-0.849358562190297,-0.0497151370414529,0.556440744971136,-0.0861197307199187,0.839060532006066,-0.527601325281288,0.0590098683605368,0.703946435990655,-0.460009471920321,0.906229346739532,-0.3402636279507,-0.489895436415288,-0.365822909173636,-0.346571735410255,0.900459322417804,0.799310188071435,-0.82756103390902,0.533328622894015,0.846317895813586,0.286194109407696,-0.29631819956596,0.0176519221150048,-0.542669033532146,-0.686322493423691,-0.691074302639928,0.315151952863415,-0.0410061303241914,-0.153955094786248,-0.76133157124237,0.218158930945895,-0.569035359115197,-0.358649252438709,0.553128724071762,0.941006418910201,0.785921152162761,-0.244846321608474,0.421515145666623,0.197872917492931,-0.740917268648886,-0.375394975792455,0.347263106911881,0.422764702437213,0.546888678100899,0.45533967057275,0.42349387679784,0.126992431921883,0.542678568706277,0.645316298441786,-0.0164457754117588,-0.720456790471939,-0.735366975433093,0.979095125170444,0.224681867163322,0.14120510350766,0.285141205552824,-0.850522717650413,0.420315762365724,0.683076994640745,0.697452459624227,0.590857766195937,0.547596788887441,0.667105609170535,0.0997990877473806,0.0652598055270573,0.532472751730083,-0.187147017213678,-0.823759071937723,-0.085335407970237,-0.676373754395627,0.360615781049864,-0.679018278386333,-0.385642242448953,0.708657385854872,0.862231959502751,-0.610554914187164,0.937452472232467,-0.36658378650135,-0.416831232396628,0.75090855041933,0.55849242200567,0.431003092110714,0.544579052332327,0.97633958719785,0.0495147397789293,-0.0428865038861097,-0.871546145398379,-0.836591538266585,-0.760157302454627,0.113669871190212,0.4610493930417,-0.6110029222318,0.6619512067456,-0.341617347797201,-0.471692973489195,0.76230829921104,-0.340417966732766,-0.222209562560884,-0.804491018422783,0.234335282789997,0.0397678604492336,-0.970642113313759,0.991494925875129,-0.00618414228085169,0.793623294982055,0.10045328002122,-0.228359678016811,0.034630564110799,0.564133887981833,0.629075888669315,-0.597087026413204,0.531300970014572,0.908069838416304,0.10794781301758,0.688257519937098,0.518898389656384,0.629917702910177,-0.524397135810112,0.758585305593873,0.614517880046841,0.32536951726347,0.890479219792734,-0.680763374554917,-0.345069393860413,-0.894461932732041,-0.723182738234092,0.59605436352859,0.876955036526532,-0.561490249845724,0.509951374948691,-0.344511363753372,-0.10462818416126,-0.360723486752663,0.701493151448162,0.806786139127139,0.950039121512083,-0.927721062006943,-0.793397200910805,0.263129010601087,0.697867952286133,-0.501373605505403,-0.612063183665008,0.278760769794811,-0.153629227174106,-0.190003801455922,0.416183574818954,0.865809978860086,0.130847010222108,0.267490080630935,-0.349331820531802,0.894624484080395,-0.275869895933162,-0.985204609388264,-0.496046469485746,-0.85825301626344,0.96454699934433,-0.300978834263824,0.591863190293616,-0.00439195154943512,0.334343824020206,-0.7172454824443,0.450120108471733,0.520180314698769,-0.369107553544198,0.526491064665982,0.422523734306357,-0.468495714963208,0.300247213590592,0.922792368950572,0.156721883230786,0.526428644612686,-0.454539593904316,0.495883492161327,-0.225906043545925,0.0493499199464974,-0.58120119269724,-0.946576086333264,0.683193857078333,-0.11608382244994,0.928288815763868,-0.327720488353619,0.349978372920357,0.444512618523549,-0.438824881717881,-0.426592072420363,0.682243867139141,-0.919988639179827,-0.367529832531735,-0.895208400513081,0.997259861056087,0.504455060103407,-0.732870254578001,0.282535833640547,0.144985182736752,-0.780048939254343,0.00258957177298236,-0.172861123307606,0.665502945349529,0.623497684503276,-0.697043924360756,-0.863888491439734,0.72410097469723,-0.47834948581557,0.542332342168795,-0.849735507696118,0.807845651675429,-0.277578860093838,-0.842266913697595,0.444231513890913,-0.746004684509659,0.540435681029431,0.774511328575902,0.295976241339505,0.666198603719503,-0.779654165811906,-0.238617993210677,0.382669039857026,-0.328957287759474,0.997491216992035,-0.700667312453334,0.221229998669562,-0.773454704019078,0.010047970932272,0.751885782820045,0.402911932276094,-0.170916410655897,0.770860066207685,-0.17242674087056,-0.950189816384705,-0.113059726911656,-0.0695359030018655,0.554163649286645,-0.368946549728131,0.551181918067402,0.543503575220113,0.511419223658749,-0.943489221728778,0.124202181802009,-0.0090365881266274,0.0721102622292552,-0.981657168562076,-0.10068693550735,-0.907256566993189,-0.703506712309143,-0.317717508030266,-0.43102439246314,0.695152231414326,-0.0438976758874152,0.596124490757485,0.33994744256287,0.646293141266064,-0.809890119354621,0.732354704449436,0.520550615775778,0.245280775036969,-0.923964259867795,0.079782760669634,0.270025202529985,0.301087304819978,0.183180692121605,0.322213086879502,0.427736098185589,0.288289658514317,-0.901117913454379,0.691567351487845,0.706014035627326,-0.102911533610582,-0.355350527535966,0.646285340582116,0.931707235622238,0.183854102344294,0.616072271671863,0.507731932857994,0.353589970329579,0.520582459155703,-0.728313576453733,-0.412197133966644,-0.751577711255815,-0.974767368566982,0.46353948374902,-0.4679294911763,-0.117766604211303,0.492751574270012,-0.607267363774356,0.0190694870572489,0.559379090441504,0.298568691566425,-0.229867643012936,-0.112633632984385,-0.442495300440866,-0.666339460075838,-0.371756357203914,-0.949506121935636,-0.085627758943516,-0.868244519304217,0.549408648029285,-0.993777204425821,-0.747828622877243,0.000823838994702258,-0.509361605072931,0.959323561360926,0.897602409834166,0.695497695925399,-0.906918539895435,0.586960629881164,-0.928963595966618,-0.758668787539046,-0.0470594548812529,-0.750611533004633,0.43927207865713,-0.566087596719202,0.316580900277028,-0.923272479596211,-0.731072325967724,0.457223710942881,-0.0144618213629444,0.765666173108693,-0.297549160394002,0.214040423844137,-0.990094768226392,-0.750707689858759,-0.0569275993886936,-0.78087437689584,-0.525836654075335,0.352645515770854,-0.165304769724581,-0.756678767957546,0.701950255895772,0.347219425939894,-0.40212292928869,-0.298669980876155,0.921181567711547,0.20316939257073,-0.712901790845824,-0.809160383013093,-0.0166637286014788,0.524945614632555,0.928582364177672,0.150379811552254,-0.275132845177381,0.149720879165251,-0.362151850843933,0.295832135975483,-0.930583909215784,0.842505305805135,0.774361269758327,-0.103274069251087,-0.287014997496763,-0.732799039227657,0.454760712340999,-0.692040380444044,0.325862680566896,-0.996410980594218,-0.206026295723215,0.842679030848611,-0.619042945914305,-0.121829138908884,0.946604294367818,0.409023705071677,0.652002617455419,0.759219059078662,0.79738874605989
-0.425573401591555,-0.45273694217688,-0.448809913068174,-0.887334539620876,0.980198318780514,0.0977147785784399,-0.354321208896058,-0.782481137646711,-0.361743571002676,0.833555401523103,-0.416617723165185,-0.217454867692906,0.722949014235919,-0.977389834378281,-0.433327312057589,0.765721551558273,-0.107429617125195,-0.268458810897139,0.0463803157738666,0.679088317003644,-0.0168220015077739,0.340741545055125,0.120993313602761,-0.253556094567892,0.949357954515983,0.784112586144197,0.526890574000684,-0.319251367493408,-0.129204637561596,-0.0359855422036226,0.390201420377458,0.449187393139586,0.590133965094487,-0.0495495171250905,-0.415068947862896,-0.189628014142213,-0.533402064323726,-0.488183648355339,-0.949280134097433,-0.327539351760762,-0.498347342749569,0.453135464794755,-0.172024421391048,0.686609729157387,-0.426876841074966,-0.628009398512493,-0.0406097173073153,0.0619179721616518,0.975078926202426,0.867660476168224,0.0549865138360649,-0.888029710911904,0.277077499188983,0.15485267699299,-0.0841668800825322,0.765630031942745,-0.255258050188938,0.823066803173035,0.759142895416891,0.521589827005963,0.280498100058879,-0.745598187102387,0.499057629385197,0.632188431832007,0.0249967672312583,0.967410161641745,-0.415857202193378,-0.236045804073668,0.696783672206257,-0.599223963060899,0.852435324097916,0.642985087060546,-0.171548617643061,0.571271676592177,-0.665276357101524,-0.536217039738944,0.22992588805967,0.548946339547549,0.903645494358117,0.88031761530914,-0.240028525240564,0.416271202273625,-0.152561879192963,0.980199040167521,-0.331217728363747,-0.0974841572487212,0.562501859227355,-0.896728048715819,0.288544827206273,0.137515046576786,-0.82559469481961,-0.636498106748231,-0.591020402702594,0.233891800507805,-0.419362270715012,0.576721003402529,0.470864487635657,-0.32357639984686,0.780855596435439,-0.773319668648438,-0.161058896393351,-0.155380361790714,-0.138280820960636,-0.333215100997981,0.214998831526404,0.440287003731718,0.825867149649059,0.539559007358913,0.785115203042126,0.439384634528613,0.971853818303197,-0.010251737954574,-0.0760059384926143,-0.0880075564616219,-0.991077079908934,0.506258485577818,-0.474019492594625,0.710965059922514,0.45385192770377,0.665832860612686,-0.255433380859938,0.650689782013543,-0.555042177581736,-0.676462755434832,-0.335434409121448,0.661391913937062,-0.132269222481656,-0.0475248984625649,-0.0622831343949884,-0.855014565325527,0.53329172908293,-0.819843144028641,0.0411761945496804,-0.0350356660545156,-0.551676359406794,-0.964204719103062,-0.142785064974136,-0.787411090931659,0.708422318602766,0.486667995909747,0.949430114809087,-0.355173155888732,-0.917235848874387,0.757997281140842,0.479221456652054,-0.563778013466582,-0.563665260754901,0.332408327569033,0.239619372494455,-0.667887667527797,0.852445130977839,0.0413282953715468,0.672899331284469,-0.0199843313811613,0.79534394865895,-0.189561214433469,-0.329748031016956,0.727382270995943,-0.674350851698833,0.257289125699491,0.284919243451311,-0.473364389472028,-0.337710354897277,0.0815437501678798,-0.665003074110255,-0.745363516153999,-0.469558115359112,0.218729605944775,0.654286595203582,-0.0425343494537725,0.00585879227151039,-0.72879961446554,-0.0242352768096523,0.264672363447177,0.188578324685219,-0.101706578886089,0.106519128812276,-0.0718055530840973,-0.130796095413636,-0.346176975602344,-0.0978149141038569,0.808110769277539,0.0181376252670522,-0.839066252318214,0.734456679573754,0.18526032653057,-0.764105273493515,0.65726961071923,-0.932383152198554,-0.34727374763504,0.538889059445512,0.43449503666567,-0.367619335884996,-0.573943682207281,0.977345322798068,-0.651972357537591,-0.888581129461155,0.724692151798536,-0.411998699034341,0.0400836617306959,-0.963764684264161,-0.307309388489264,0.632321422280469,0.796582205639248,-0.03566974562792,0.377433498094172,-0.949581574451168,-0.642142570324567,-0.561457375306317,0.355134847190148,0.236200973046882,-0.596640604947971,0.243678813061967,0.16314690916712,-0.796251771135723,-0.0817793530248522,0.651352711293453,0.566591953745366,-0.839022164765341,0.738113210240175,-0.0591697819167285,-0.461581902849625,0.782536108005786,-0.648599498360249,0.348741794088135,0.671423815761234,0.425390381441363,0.146114629446758,-0.305384293283439,0.595790916175246,-0.0628888520104066,-0.267227948746385,-0.840567782697927,0.85542273346346,-0.821791516022455,0.588646134718086,0.871461379403528,-0.795271301999805,-0.918433003899076,0.230156781715881,-0.445518137722679,0.87234925000411,0.527794348656018,-0.980414468235959,0.196339047108838,0.64833698359762,-0.802941783717434,-0.27781333110262,0.553776357117203,0.65448971146614,-0.444990605015937,-0.276843419963573,-0.0388374766713921,0.60489902025976,-0.873129714642253,-0.834606255974578,0.764793078004541,-0.195773391685392,-0.928670523104284,0.0734240758370231,0.440222249981471,0.996434051494594,0.619250120260797,-0.0564708880566663,0.550878508110188,-0.668505757936135,0.94127468018622,0.959482347527388,-0.628920571752551,-0.850965928657619,-0.343276418088203,-0.0029976263423547,0.207057700631999,0.00498128617351087,0.0131275945245675,0.141525870406642,-0.897814081726405,-0.659021548735137,-0.475718075918703,-0.509000108104266,0.668681381074899,0.931193411497845,0.643141627421369,0.345394544893033,0.361109916108205,-0.994235606345337,-0.390009698529286,-0.937184431821811,0.0931339366258975,-0.114914591451928,0.6277727588601,-0.143027937200311,-0.0579171244665181,-0.644321243903334,0.359558645053314,-0.703943252166087,0.520042866706331,0.785852508931586,-0.257146681529433,-0.674526188237926,0.545910021714945,0.484179873919354,0.775878326174357,0.150320704579276,-0.080579384150934,0.878347884830865,-0.54439254798474,0.710934309353189,0.907623194739619,0.836541133868199,0.933845158276741,0.677429649473437,-0.0929769587669061,-0.0382343008354558,-0.862398074807355,0.541261928025574,0.596562222834541,-0.909777743233604,-0.824372521282907,-0.109422892446619,-0.406447390560572,0.0553499564203163,0.125430190889157,0.655131995103912,0.797480716812288,-0.425355346213832,-0.155413637866561,-0.270400582447512,0.146671595391881,-0.936289253328426,0.510546132338269,-0.813854417313396,0.91499356968067,0.985520779175683,-0.953791670121286,0.519383592471919,0.0859995806646562,0.395724228222204,-1.0024506205287,0.758992567367224,0.555857489765457,0.982157436127329,0.152100706506011,0.180092244713516,-0.503225542325686,0.118583167332002,0.1749447752496,-0.315362318228774,0.304427292044729,-0.891845037359296,0.931408283662136,0.569203112856884,0.609168941746372,0.211212817462383,0.25153401924994,-0.670335573016023,0.0623551874350664,0.952214716131018,-0.843852443094363,0.56987277039787,-0.495922877336649,0.717553053822757,-0.831385587511837,-0.820579757542424,0.693563259673867,-0.0737827766281325,-0.336488902678228,-0.434502734068805,-0.990725471100397,0.635513941160353,0.944067567410028,0.0188275862674444,0.716135962197241,0.507225513086205,0.488450560320422,0.470224109349445,-0.680667250062903,0.0880859223259667,0.94312360964673,-0.901488620964898,0.532008355333353,-0.3994949967393,0.282569295482866,0.226332161806921,-0.553460291357722,0.284096505488021,0.163293275204985,0.982924989004288,-0.408464128493157,0.639492348949427,-0.590501463783245,0.421147501158115,0.44649853536696,-0.68366939129525,-0.68971576932795,0.821692768667099,0.255130162527747,-0.764118642407101,-0.767011659760607,0.103963347450207,-0.778600847570408,-0.753353071092235,0.448837371050511,-0.994231348630391,-0.356648890217158,-0.802187619711092,-0.4964001841384,-0.978354417583549,0.781473541898092,-0.214678055902488,0.291895791182113,-0.0749440779441338,-0.0815630141874848,0.6691403618235,-0.263964669026389,0.235066245503976,-0.348916108448326,-0.671253523379248,-0.787255865023218,-0.925456499152416,0.859671928641054,-0.0736629498855123,-0.76782983527777,-0.423718418958233,0.902806599843105,-0.186880118823676,0.949895061885083,-0.988586524188007,0.558467394376583,0.792156642499151,0.680328360477071,-0.964733044171999,0.155218660706758,0.723444810253962,-0.0972431947421434,-0.68716900684994,-0.954893431513227,0.194100325003785,0.755998231137928,0.0199009918867174,0.386401729652967,0.0290004871647929,0.770824017621972,-0.78126025805794,0.573959231292837,0.180615320785413,0.761296908373124,0.29013317908269,0.486425633720855,0.558523290351365,-0.309246205300868,0.0782266884359873,-0.226668916182549,-0.750149829917471,-0.111591480403583,-0.325347437249704,0.646414015781051,0.0961475273008076,0.303063023219641,0.958920945270877,-0.484296243178966,0.00801337067385544,-0.527156909876926,0.21615291561006,-0.422413260230872,0.181709510262555,-0.803780244780285,-0.805249789853119,0.341688802960227,-0.58687572069059,-0.521432852934049,-0.156426759981559,-0.744722681097677,0.346008129021662,0.913373634055717,0.497045468319863,0.103738358117356,0.246579195048393,-0.507761300963515,0.828690464043006,-0.51183148119138,-0.102771420719931,-0.581343702324409,0.106602186586847,-0.779656615007607,-0.823331649125829,-0.456606298676213,-0.0261175147530317,-0.0804533919078666,-0.457503415754104,0.216165743577657,-0.534767360538615,-0.482893624459286,0.732938379086822,0.0604208342918907,-0.376798710399799,0.965349923039953,0.855044490302008,0.304925224668054,-0.161156475837211,0.0806106221336369,1.00060823334666,-0.785971668971186,0.601469986255551,0.318474574760275,0.169585155812463,0.896675948066674,-0.294837190984085,-0.800989071161254,0.708092241942387,-0.28910506781539,-0.207841218770153,-0.848294428339001,0.540369725348962,-0.640370502284716,0.877267893817734,-0.948096552265709,0.311554846268211,0.744793825206678,-0.0543007418653152,-0.585541132977428,-0.576902644482009,0.371448629567163,0.111935500086488,0.511107147989007,0.635494854110837,0.165394809663607,0.976199738170623,-0.590432909217122,-0.115619522324592,-0.852334428489735,0.370504461101321,0.450698027541438,-0.728059344739677,-0.575682105649807,-0.746625142750284,0.806585745901979,0.653171179291847,-0.616119295834565,-0.470990037214456,0.0265867710492574,0.012118288035465,-0.279738100024068,-0.128058799502038,0.249495488547227,-0.0462429846234334,-0.12945938090661,0.599182983207091,0.686715718127854,0.802925686413012,-0.802528533651271,0.591974252007449,-0.483962185982111,-0.0774763458017409,0.83630717881955,-0.549455965684302,0.214098406830577,0.437932553569117,-0.0361661927062283,0.355604463379211,0.648303055908156,0.0659554753764258,-0.777302833375672,-0.486810387331026,-0.379420770416018,-0.445688173882661,-0.915228729455811,-0.845863303197165,0.184324469863979,0.666182992696057,-0.0130482793215618,0.527735153544262,-0.390572756873802,-0.426501178382602,0.460928321867628,-0.796232175674794,0.610012794699771,-0.157504780679568,0.704111961724057,-0.392090653287752,0.880639153174828,-0.875716383542421,0.730493350866496,0.0109096203693601,-0.874120917167462,-0.379539141232366,0.494455494628159,-0.373360121674265,0.970398399557194,0.819602703755232,0.345269379940031,-0.876037539071481,-0.35032971996813,-0.780347043933206,-0.449169676589024,0.138825843454983,-0.191309440496499,-0.468637202441258,-0.678696485400885,-0.687592567010049,0.597006867805061,0.550192421349902,0.511325798509922,0.174211604383852,-0.0891333266761658,-0.87812845372937,-0.355363117275272,-0.14853662832471,0.779869163295921,-0.884786663721472,0.879060470621786,0.458662159025352,0.307777659308064,-0.796699717557607,0.16210772215483,-0.00970980740095403,-0.308866913951279,0.154209078354329,0.151695557277438,0.100103198660715,0.347557326746419,0.42077453934478,-0.937103274998834,0.724790328214869,-0.730662501296643,-0.102602311317542,0.628889533293077,-0.449595709448448,0.443659020086796,0.843846847237762,-0.369793075813545,0.44839076580226,-0.870361819643329,0.990228470922257,-0.493647857385567,-0.118655252827517,0.0317334938516879,0.680872312935849,-0.0552601227952298,0.857600297851765,0.589446025772937,-0.244782560225413,-0.331571538019554,-0.758072566955409,0.0684937218792226,-0.282438815907688,0.262370223160419,0.8476348920569,-0.851904487349799,-0.528708310485364,-0.596723472907044,-0.0921071102392424,0.293307178714878,0.274715976516308,0.664604952548104,0.188379408112011,0.604493868379054,-0.379000866456825,-0.451893454508811,-0.204920375779042,-0.92395224601229,0.0502645515509478,0.0416554528199296,-0.688719617523881,-0.701409197099374,0.782056876857151,0.494276417325579,0.82182636840226,-0.441078934832448,-0.198825911588421,0.950160768692591,0.934152021927539,-0.179563839930977,-0.463629639837504,0.199197184355995,-0.833607086174115,-0.580152598507112,0.205111567891632,-0.323340993003017,0.661201292927639,-0.482182242069598,0.0589570075624394,0.455501036665353,-0.562486596856374,-0.043427362950599,-0.377803060146019,0.374818911517147,0.817788665388906,0.755114553304577,0.821410103816195,0.0772181975708261,0.612016842003221,-0.593132410204852,0.987152733648847,0.324424839499645,0.108849506718827,-0.658391398389058,0.433205409757554,0.876419037107316,0.139336888153182,0.0876365702652111,0.786255323594801,0.879729684511365,0.49747702302605,-0.463504340299697,0.408725638580838,0.717852525533697,0.516379689894156,-0.966404998635998,0.77287163196707,-0.547169380542714,0.791059086816016,0.489807847620575,0.146740473285315,-0.7751468631707,-0.260491133322065,-0.985503419010752,-0.0579595309672021,0.22460127806564,0.170254118943213,0.492128431682241,-0.637376695737943,0.468846674458435,-0.318422529666505,0.355530517070576,0.648209007763167,-0.180952776767064,0.153051172341117,-0.500192569883439,-0.210327845539929,-0.302466650663126,-0.0117233369269952,-0.595725088915825,-0.0855603990463416,0.65105595240289,-0.122335671734849,-0.709975682596242,-0.566920029834657,-0.220690094918018,0.367654709149944,0.977549320996665,0.411871385764406,-0.723490698401025,0.410282302441315,0.8993452748615,0.665399011011489,-0.681328977784626,0.442643420934995,-0.843373182473401,-0.373493784123647,0.313040437632317,-0.825189598706924,0.773384925454889,-0.96885188067988,-0.293382388201043,-0.0217163273702448,0.147645802734164,0.442672415292397,-0.835426663508185,-0.0306818032666976,-0.0463553686375335,-0.644242901752893,0.208728731403962,0.449768217161959,-0.779627328167,-0.9992148047139,0.412770964647488,0.779166813142747,-0.137957640216033,0.466448617776381,-0.370128775764493,0.322926108214595,-0.858538011603448,0.0842407157961661,0.73305958022571,0.448701677601301,-0.905428664661803,0.788726823400939,-0.852849371497681,-0.494092468407324,0.513936324342564,0.452985665310172,0.500104092364714,0.116508558960073,-0.484637657024375,0.0114830656238255,-0.807477481181797,0.152873693167636,-0.0302760924814892,0.201360607984933,-0.225578320403204,0.218827489188382,0.708867153200273,-0.089421625024601,-0.924358933134418,-0.38898536227217,-0.165133292009683,-0.800149592173377,0.655665932032821,0.331313453886046,0.584279463882232,-0.487654343922724,-0.471230639016442,-0.161817232728796,-0.934895370443173,-0.616356079593668,0.0197843043513775,-0.398463526967467,-0.476288396869025,0.121428139588707,0.547246006351411,0.847956499015302,0.29670072797881,-0.126608271726154,0.805789341920805,-0.952478393895635,0.048106180980602,0.806178230620509,0.25923314687422,-0.74087166088413,0.047732265190613,0.146394868779781,0.376872460574695,0.768133014226013,-0.572181130549908,0.067713896961876,0.276092823371281,-0.191218144085974,0.927112852547647,-0.576209414698931,-0.938067864987533,0.154251392989431,0.91270641228116,0.410053329553285,-0.849419846595705,-0.115456779974828,-0.584639332014626,0.989151638639805,-0.990476795559511,-0.49998918124848,-0.447122074931071,-0.743294366689459,0.888059629462088,0.0362739087163476,0.841384171101821,-0.467802288746311,0.409487177086154,-0.760363821864351,-0.316899551085197,-0.127769443484632,-0.82834070386427,0.905983683847311,-0.634061928618735,0.0688506615631186,0.567986891300135,0.5523420959018,0.490269755039091,0.381360882792305,-0.0908272322088912,-0.604376710195329,0.155831169469193,-0.80126801438071,-0.495735060673299,0.28292336202913,-0.871374590706574,0.948487614058352,-0.796929941691633,0.558268258429975,-0.298579080116491,-0.75814922112418,0.934143161730691,-0.795070323056085,0.316787665390357,-0.0717582915115697,0.877360957953577,-0.00620791715852914,-0.269398508307171,-0.521540608624155,-0.493387126406744,-0.198911697019016,0.909600393787352,0.176166720923364,0.86197550565069,0.808496799404878,-0.99976552297604,0.772742469334409,0.733412544276905,0.84906071997981,-0.648979819693266,0.159316686273054,-0.0741516807991295,0.770637337562323,-0.626988486787278,-0.303932673549263,0.289038883870101,0.832020406780612,0.496485894902723,-0.0602330199877581,-0.15774909235525,0.41541294281624,-0.26525000490504,-0.862020503751274,-0.0617927530378906,-0.00111311498810841,0.959440395105763,0.08236398471733,0.458632660524301,-0.115175067680439,0.0363815762032525,-0.666539986144939,-0.896625724342761,0.683500784233118,0.497667325803796,-0.123953960291833,0.218675710064141,-0.921541016823882,0.361673623473234,0.655159158842301,0.816878004377047,0.597051850687469,-0.260808238975438,0.0503197124806583,0.94646077662622,0.331007216032794,0.371128646539872,0.362164077074866,-0.42347205101444,0.889576064748812,-0.871218688856975,-0.792863396076894,-0.735527413445302,-0.937579074430296,-0.259714659651764,-0.595148848346831,-0.457460476772973,-0.824744427245622,-0.535506161155047,0.269978582639429,-0.482570732690227,0.0989673232120501,0.029485496876412,-1.00571395987964,-0.334401423147728,0.445339923059609,-0.0971664817284093,-0.993188446457984,-0.628865602269477,0.737375411369376,-0.162966236509622,-0.040735603049663,0.359483761796926,0.999111081895672,0.207817760781978,-0.705247052700144,0.0184701812928585,-0.572583974784363,0.6248720358301,0.671126149205068,0.475056489055818,-0.414376178659089,-0.525606738688773,0.868795826722357,0.0404393634712964,-0.597735978014553,0.573729040255942,-0.474690070972943,0.715732485979044,-0.650507828552843,0.0896627734896263,0.96531461581097,0.311582270366984,-0.103559343469167,-0.415294882940332,-0.0604471885214842,0.317279041607345,-0.202812924566798,0.926365267097746,0.533572243365842,-0.819542485919433,0.48113880772455,-0.760329093160857,-0.745577917349784,0.685243833570853,-0.670966469130239,-0.216187748234864,0.985775888271839,-0.382372976307538,-0.823927819501616,0.396434582369405,-0.900804143001937,0.135028135409845,0.877006837284519,-0.504058071543515,-0.249448731151647,0.463672699559307,0.334308197805275,0.0348807609948041,0.862958929695275,-0.395811399638945,0.817110136757446,0.679958928451819,-0.6669905882728,-0.82035609834105,0.897226160796474,-0.394013468368803,0.643910645668302,-0.0912995484309072,0.916747802535597,-0.443194140503245,0.799642347667201,-0.871553362330285,-0.95177196850815,0.880667063996321,0.612985770597781,0.110931066124625,0.117782751026523,0.564337410937205,-0.0334640154362799,0.923541851654225,-0.925012060109222,-0.833367779519682,0.681462672326131,-0.86329160447681,-0.0583633534620557,-0.153425238290078,-0.543481080351322,-0.380788948475271,0.00843692159421673,-0.864689469513702,0.0715121399647729,0.512207907322327,0.680491976814556,0.62106200792603,0.762647672666178,-0.881499504803484,0.0708552482886765,0.519646023063614,0.696765738967346,0.233500999599876,-0.376405723566594,0.215412663320941,-0.0990932930334291,0.500785153879918,0.260338324726744,-0.559169484432836,-0.536182575174993,0.790508350948878,-0.394054351257572,0.71679896820461,-0.237811064808067,-0.496571081806043,-0.413056264595746,0.337949250768282,0.910841709767756,0.0598277838397303,0.830400720341153,-0.114217448538276,-0.697902803627881,-0.846301025903933,-0.561114364487141,-0.938359929693009,-0.661812189522245,0.398124557352874,-0.992544403238646,-0.554001575694252,-0.222134590769848,-0.234473336889384,0.738089154558787,-0.867721896472969,0.382795197627876,0.0308673710581592,0.566762139661816,0.748744102516538,0.843351331423595,-0.101017616531907,-0.943627072325004,-0.273045672170072,0.34771508888611,0.0266136601233683,0.962075164586705,-0.267862892630531,-0.38664951322294,0.681818346894328,0.308034576026376,0.0391373895797941,-0.70294741347312,-0.685384188207217,-0.941550448998202,-0.256035217616119,0.447902727218672,0.135270631905376,0.429955847795153,-0.399830781910231,-0.358855023259501,0.564213389989573,0.753217758880132,0.555812410644761,-0.55695291249379,0.0724173985303525,0.173074570629198,-0.710942186774233,-0.408962073584042,-0.715167026080378,-0.489739032723735,-0.517274259678531,0.214422587783191,-0.282973984801777,0.0575886035846982,-0.972526153472933,0.736916912960503,0.347465728515017,0.9366684196759,0.848446263306646,-0.669413226162639,0.816761191214738,0.000877696136159456,0.180258139754048,0.269521907621955,0.887706059637892,-0.983211159363227,-0.863037505713035,0.38158087245724,0.0823667817742631,0.216454467860796,-0.192992770173022,0.873793555513678,-0.717465293941281,0.797794356797422,0.139826289376981,-0.851733050150452,0.217092288033529,-0.999468232429666,-0.129327901550879,-0.462498842221611,-0.0383116185169932,-0.511287639363388,0.920143676170147,0.16055724808515,-0.0193125350268964,-0.438805189988896,-0.725062949185934,0.426642687805644,-0.122075676346353,-0.0567566696912576,0.554438393924492,-0.621443936534799,-0.0762249019390159,-0.121080167443651,0.452563731353188,0.473190074576726,0.14614962506552,0.664529480297063,0.730053042377703,-0.787286781595869,0.599476522318387,0.740059394185935,0.638399903995501,0.0815270664060823,-0.225349521571365,0.986264504578734,-0.518305064569273,-0.163038779431254,-0.248482565264052,-0.894082212570626,0.423267922423726,0.622293154080682,0.892485370301358,0.739346098700774,-0.936535855353552,0.144087683574387,0.978666584333528,0.667638708749733,0.304264353527701,-0.891560477971977,-0.417496371181616,-0.251328442660848,0.911410136461636,-0.831743173966357,0.856087256369865,0.61811808846533,0.393254268256436,0.369566340243364,-0.201178716032047,0.0703368110727053,-0.162248156468541,0.769456958532046,0.150629268299014,-0.258370288233441,0.0579831934772429,0.878971341404112,-0.0798205217493828,0.687525837600495,-0.486767775330572,0.723005776797606,0.809130421351031,0.0912060191759872,0.494740823560531,0.328218628454158,-0.0925968439866268,0.346921347391747
